//instance
//nbCities:3; nbDepots:2; size:90 90;nbTrips:150;nbCombinedTrips0;maxFolderTimeSlotAsTimeWindow4;planningHorizon:0-1440;maxDriving:540;maxWorking:720
//nbVehicles in the solution
//16
//nbDrivers in the solution
//24
//total cost of the solution
cost 1742630.0
//vehicle routes in the solution: idVehicle, nbTrips, [idTrips departureTime]
vehicle 0 16 7 25 8 100 9 175 93 235 94 295 139 370 140 430 1 505 2 580 120 640 121 700 122 760 123 820 135 880 136 940 31 1015
vehicle 1 7 20 175 21 255 16 330 17 405 52 465 53 525 70 585
vehicle 2 6 45 215 78 275 79 335 117 395 118 455 119 530
vehicle 3 9 65 190 66 250 67 310 68 385 43 460 44 535 62 595 63 655 64 715
vehicle 4 9 72 230 73 290 74 350 75 425 23 485 24 545 26 605 27 665 28 740
vehicle 5 4 107 430 48 490 141 550 142 640
vehicle 6 7 10 310 11 370 12 445 13 505 49 565 50 640 51 700
vehicle 7 12 14 165 15 230 58 305 59 380 60 440 61 500 76 560 77 620 144 680 145 740 146 825 147 900
vehicle 8 14 32 10 91 70 92 145 137 205 138 265 84 325 85 385 86 460 97 520 143 580 54 640 55 700 56 775 57 850
vehicle 9 4 35 320 111 380 112 465 113 540
vehicle 10 12 38 45 39 105 99 180 100 255 101 330 95 390 96 450 18 510 19 570 114 630 115 690 116 765
vehicle 11 12 71 160 40 220 41 295 42 355 36 415 37 490 87 550 88 610 89 685 90 760 5 820 6 880
vehicle 12 8 98 90 33 150 34 225 46 285 148 345 80 405 81 465 82 540
vehicle 13 9 102 410 103 470 108 530 109 590 25 650 126 720 127 795 128 855 129 915
vehicle 14 10 104 155 105 215 106 290 22 365 0 425 130 485 131 560 132 635 3 695 4 755
vehicle 15 11 110 295 47 355 149 415 69 475 124 535 125 595 83 670 133 730 134 790 29 850 30 910
//driver schedules in the solution: idDriver, nbTrips, [idTrip idVehicle drivingStatus departureTime]
driver 0 6 104 14 true 155 105 14 true 215 106 14 true 290 107 5 true 430 108 13 true 530 109 13 true 590
driver 1 7 110 15 true 295 111 9 true 380 112 9 true 465 113 9 true 540 114 10 true 630 115 10 true 690 116 10 true 765
driver 2 7 130 14 true 485 131 14 true 560 132 14 true 635 133 15 true 730 134 15 true 790 135 0 true 880 136 0 true 940
driver 3 2 148 12 true 345 149 15 true 415
driver 4 7 0 14 true 425 1 0 true 505 2 0 true 580 3 14 true 695 4 14 true 755 5 11 true 820 6 11 true 880
driver 5 7 7 0 true 25 8 0 true 100 9 0 true 175 10 6 true 310 11 6 true 370 12 6 true 445 13 6 true 505
driver 6 6 14 7 true 165 15 7 true 230 16 1 true 330 17 1 true 405 18 10 true 510 19 10 true 570
driver 7 6 20 1 true 175 21 1 true 255 22 14 true 365 23 4 true 485 24 4 true 545 25 13 true 650
driver 8 6 26 4 true 605 27 4 true 665 28 4 true 740 29 15 true 850 30 15 true 910 31 0 true 1015
driver 9 6 32 8 true 10 33 12 true 150 34 12 true 225 35 9 true 320 36 11 true 415 37 11 true 490
driver 10 7 38 10 true 45 39 10 true 105 40 11 true 220 41 11 true 295 42 11 true 355 43 3 true 460 44 3 true 535
driver 11 7 45 2 true 215 46 12 true 285 47 15 true 355 48 5 true 490 49 6 true 565 50 6 true 640 51 6 true 700
driver 12 6 52 1 true 465 53 1 true 525 54 8 true 640 55 8 true 700 56 8 true 775 57 8 true 850
driver 13 7 58 7 true 305 59 7 true 380 60 7 true 440 61 7 true 500 62 3 true 595 63 3 true 655 64 3 true 715
driver 14 6 65 3 true 190 66 3 true 250 67 3 true 310 68 3 true 385 69 15 true 475 70 1 true 585
driver 15 7 71 11 true 160 72 4 true 230 73 4 true 290 74 4 true 350 75 4 true 425 76 7 true 560 77 7 true 620
driver 16 6 78 2 true 275 79 2 true 335 80 12 true 405 81 12 true 465 82 12 true 540 83 15 true 670
driver 17 7 84 8 true 325 85 8 true 385 86 8 true 460 87 11 true 550 88 11 true 610 89 11 true 685 90 11 true 760
driver 18 7 91 8 true 70 92 8 true 145 93 0 true 235 94 0 true 295 95 10 true 390 96 10 true 450 97 8 true 520
driver 19 6 98 12 true 90 99 10 true 180 100 10 true 255 101 10 true 330 102 13 true 410 103 13 true 470
driver 20 7 117 2 true 395 118 2 true 455 119 2 true 530 120 0 true 640 121 0 true 700 122 0 true 760 123 0 true 820
driver 21 6 124 15 true 535 125 15 true 595 126 13 true 720 127 13 true 795 128 13 true 855 129 13 true 915
driver 22 6 137 8 true 205 138 8 true 265 139 0 true 370 140 0 true 430 141 5 true 550 142 5 true 640
driver 23 5 143 8 true 580 144 7 true 680 145 7 true 740 146 7 true 825 147 7 true 900

