//instance
//nbCities:3; nbDepots:2; size:90 90;nbTrips:150;nbCombinedTrips0;maxFolderTimeSlotAsTimeWindow6;planningHorizon:0-1440;maxDriving:540;maxWorking:720
//nbVehicles in the solution
//14
//nbDrivers in the solution
//24
//total cost of the solution
cost 1541370.0
//vehicle routes in the solution: idVehicle, nbTrips, [idTrips departureTime]
vehicle 0 11 7 50 8 125 9 200 78 260 79 320 0 380 107 440 48 500 49 560 50 635 51 695
vehicle 1 10 20 165 21 240 101 315 95 375 96 435 23 495 24 555 26 615 27 675 28 750
vehicle 2 11 33 145 34 220 35 280 148 340 149 400 12 460 13 520 113 580 114 640 115 700 116 775
vehicle 3 11 45 220 46 280 47 340 102 400 103 460 18 520 19 580 54 640 55 700 56 775 57 850
vehicle 4 12 65 180 66 240 67 300 68 375 69 450 97 510 141 570 142 645 3 705 4 765 5 825 6 885
vehicle 5 10 10 300 11 360 43 435 44 510 76 570 77 630 144 690 145 750 146 825 147 900
vehicle 6 8 14 175 15 235 16 310 17 385 80 445 81 505 82 580 83 655
vehicle 7 10 32 30 91 90 92 165 93 225 94 285 42 345 36 405 37 480 108 540 109 600
vehicle 8 13 38 60 39 120 40 195 41 270 84 330 85 390 86 465 87 525 143 585 120 645 121 705 122 765 123 825
vehicle 9 8 71 165 72 225 73 285 74 345 75 420 52 480 53 540 70 600
vehicle 10 14 98 85 99 145 100 220 58 295 59 370 60 430 61 490 124 550 125 610 132 685 133 745 134 805 135 865 136 925
vehicle 11 10 104 140 105 200 106 275 22 350 117 410 118 470 119 545 62 605 63 665 64 725
vehicle 12 12 137 185 138 245 110 305 111 365 112 440 1 515 2 590 25 650 126 710 127 785 128 845 129 905
vehicle 13 10 139 350 140 410 130 485 131 560 88 635 89 710 90 785 29 845 30 905 31 980
//driver schedules in the solution: idDriver, nbTrips, [idTrip idVehicle drivingStatus departureTime]
driver 0 7 0 0 true 380 1 12 true 515 2 12 true 590 3 4 true 705 4 4 true 765 5 4 true 825 6 4 true 885
driver 1 7 7 0 true 50 8 0 true 125 9 0 true 200 10 5 true 300 11 5 true 360 12 2 true 460 13 2 true 520
driver 2 6 26 1 true 615 27 1 true 675 28 1 true 750 29 13 true 845 30 13 true 905 31 13 true 980
driver 3 7 38 8 true 60 39 8 true 120 40 8 true 195 41 8 true 270 42 7 true 345 43 5 true 435 44 5 true 510
driver 4 7 58 10 true 295 59 10 true 370 60 10 true 430 61 10 true 490 62 11 true 605 63 11 true 665 64 11 true 725
driver 5 6 78 0 true 260 79 0 true 320 80 6 true 445 81 6 true 505 82 6 true 580 83 6 true 655
driver 6 7 84 8 true 330 85 8 true 390 86 8 true 465 87 8 true 525 88 13 true 635 89 13 true 710 90 13 true 785
driver 7 6 98 10 true 85 99 10 true 145 100 10 true 220 101 1 true 315 102 3 true 400 103 3 true 460
driver 8 6 104 11 true 140 105 11 true 200 106 11 true 275 107 0 true 440 108 7 true 540 109 7 true 600
driver 9 7 110 12 true 305 111 12 true 365 112 12 true 440 113 2 true 580 114 2 true 640 115 2 true 700 116 2 true 775
driver 10 7 117 11 true 410 118 11 true 470 119 11 true 545 120 8 true 645 121 8 true 705 122 8 true 765 123 8 true 825
driver 11 6 124 10 true 550 125 10 true 610 126 12 true 710 127 12 true 785 128 12 true 845 129 12 true 905
driver 12 5 143 8 true 585 144 5 true 690 145 5 true 750 146 5 true 825 147 5 true 900
driver 13 2 148 2 true 340 149 2 true 400
driver 14 6 14 6 true 175 15 6 true 235 16 6 true 310 17 6 true 385 18 3 true 520 19 3 true 580
driver 15 6 20 1 true 165 21 1 true 240 22 11 true 350 23 1 true 495 24 1 true 555 25 12 true 650
driver 16 6 32 7 true 30 33 2 true 145 34 2 true 220 35 2 true 280 36 7 true 405 37 7 true 480
driver 17 7 45 3 true 220 46 3 true 280 47 3 true 340 48 0 true 500 49 0 true 560 50 0 true 635 51 0 true 695
driver 18 6 52 9 true 480 53 9 true 540 54 3 true 640 55 3 true 700 56 3 true 775 57 3 true 850
driver 19 6 65 4 true 180 66 4 true 240 67 4 true 300 68 4 true 375 69 4 true 450 70 9 true 600
driver 20 7 71 9 true 165 72 9 true 225 73 9 true 285 74 9 true 345 75 9 true 420 76 5 true 570 77 5 true 630
driver 21 7 91 7 true 90 92 7 true 165 93 7 true 225 94 7 true 285 95 1 true 375 96 1 true 435 97 4 true 510
driver 22 7 130 13 true 485 131 13 true 560 132 10 true 685 133 10 true 745 134 10 true 805 135 10 true 865 136 10 true 925
driver 23 6 137 12 true 185 138 12 true 245 139 13 true 350 140 13 true 410 141 4 true 570 142 4 true 645

