//instance
//nbCities:3; nbDepots:2; size:90 90;nbTrips:150;nbCombinedTrips0;maxFolderTimeSlotAsTimeWindow0;planningHorizon:0-1440;maxDriving:540;maxWorking:720
//nbVehicles in the solution
//20
//nbDrivers in the solution
//20
//total cost of the solution
cost 2157960.0
//vehicle routes in the solution: idVehicle, nbTrips, [idTrips departureTime]
vehicle 0 8 7 30 8 105 65 185 78 255 67 320 68 400 69 475 87 540
vehicle 1 6 24 560 25 645 126 705 127 815 135 885 136 955
vehicle 2 4 58 290 11 390 12 465 13 525
vehicle 3 6 72 215 73 275 79 340 80 420 81 480 82 555
vehicle 4 8 91 60 92 150 93 215 106 305 85 395 103 490 26 585 83 665
vehicle 5 7 99 165 21 260 101 345 0 410 130 485 131 565 132 655
vehicle 6 7 105 220 94 300 117 380 112 460 49 555 50 630 51 690
vehicle 7 5 107 415 18 495 2 600 3 675 4 775
vehicle 8 10 10 290 59 370 149 430 1 490 109 575 114 635 115 695 116 770 29 830 6 900
vehicle 9 11 14 145 34 235 35 305 36 395 86 475 97 540 88 615 89 695 90 780 5 840 30 910
vehicle 10 6 32 30 33 130 100 245 74 345 118 455 119 550
vehicle 11 9 38 30 39 100 9 190 66 255 148 355 102 420 37 485 76 545 77 620
vehicle 12 7 46 290 47 370 60 440 44 515 70 575 27 650 28 760
vehicle 13 6 48 470 113 560 54 625 55 710 56 785 57 870
vehicle 14 10 71 140 45 200 110 275 111 360 140 440 143 560 120 620 121 685 122 780 123 840
vehicle 15 10 84 310 22 375 52 450 61 520 62 590 142 660 133 720 134 810 128 875 129 935
vehicle 16 9 95 385 96 445 124 530 19 590 144 660 145 755 146 845 147 920 31 1010
vehicle 17 7 98 70 20 155 15 235 16 320 75 445 108 510 125 600
vehicle 18 6 104 145 40 210 41 290 42 375 43 440 53 545
vehicle 19 8 137 190 138 275 139 350 17 410 23 470 141 540 63 675 64 735
//driver schedules in the solution: idDriver, nbTrips, [idTrip idVehicle drivingStatus departureTime]
driver 0 9 91 4 true 60 92 4 true 150 93 4 true 215 106 4 true 305 85 4 true 395 103 4 true 490 26 4 true 585 83 4 true 665 64 19 true 735
driver 1 9 14 9 true 145 34 9 true 235 35 9 true 305 36 9 true 395 86 9 true 475 97 9 true 540 88 9 true 615 89 9 true 695 90 9 true 780
driver 2 6 20 17 true 155 15 17 true 235 16 17 true 320 75 17 true 445 108 17 true 510 125 17 true 600
driver 3 6 104 18 true 145 40 18 true 210 41 18 true 290 42 18 true 375 43 18 true 440 53 18 true 545
driver 4 8 7 0 true 30 8 0 true 105 65 0 true 185 78 0 true 255 67 0 true 320 68 0 true 400 69 0 true 475 87 0 true 540
driver 5 6 24 1 true 560 25 1 true 645 126 1 true 705 127 1 true 815 135 1 true 885 136 1 true 955
driver 6 9 137 19 true 190 138 19 true 275 139 19 true 350 17 19 true 410 23 19 true 470 141 19 true 540 63 19 true 675 122 14 true 780 123 14 true 840
driver 7 8 98 17 true 70 99 5 true 165 21 5 true 260 101 5 true 345 0 5 true 410 130 5 true 485 131 5 true 565 132 5 true 655
driver 8 9 95 16 true 385 96 16 true 445 124 16 true 530 19 16 true 590 144 16 true 660 145 16 true 755 146 16 true 845 147 16 true 920 31 16 true 1010
driver 9 4 58 2 true 290 11 2 true 390 12 2 true 465 13 2 true 525
driver 10 6 48 13 true 470 113 13 true 560 54 13 true 625 55 13 true 710 56 13 true 785 57 13 true 870
driver 11 9 38 11 true 30 39 11 true 100 9 11 true 190 66 11 true 255 148 11 true 355 102 11 true 420 37 11 true 485 76 11 true 545 77 11 true 620
driver 12 10 84 15 true 310 22 15 true 375 52 15 true 450 61 15 true 520 62 15 true 590 142 15 true 660 133 15 true 720 134 15 true 810 128 15 true 875 129 15 true 935
driver 13 8 71 14 true 140 45 14 true 200 110 14 true 275 111 14 true 360 140 14 true 440 143 14 true 560 120 14 true 620 121 14 true 685
driver 14 6 72 3 true 215 73 3 true 275 79 3 true 340 80 3 true 420 81 3 true 480 82 3 true 555
driver 15 7 105 6 true 220 94 6 true 300 117 6 true 380 112 6 true 460 49 6 true 555 50 6 true 630 51 6 true 690
driver 16 10 10 8 true 290 59 8 true 370 149 8 true 430 1 8 true 490 109 8 true 575 114 8 true 635 115 8 true 695 116 8 true 770 29 8 true 830 6 8 true 900
driver 17 7 107 7 true 415 18 7 true 495 2 7 true 600 3 7 true 675 4 7 true 775 5 9 true 840 30 9 true 910
driver 18 6 32 10 true 30 33 10 true 130 100 10 true 245 74 10 true 345 118 10 true 455 119 10 true 550
driver 19 7 46 12 true 290 47 12 true 370 60 12 true 440 44 12 true 515 70 12 true 575 27 12 true 650 28 12 true 760

