// The instance basic information 
nbCities:3; nbDepots:2; size:90 90;nbTrips:150;nbCombinedTrips0;maxFolderTimeSlotAsTimeWindow1;planningHorizon:0-1440;maxDriving:540;maxWorking:720
// The number of cities is 
3
// The number of depots is 
2
// The max number of vehicles is 
24
// The max number of drivers is 
24
// The number of trips is 
150
// The minPlanTime is 
15
// The short Time for driver is 
20
// The short Time for vehicle is 
20
// The maximum driving time is 
540
// The maximum working time is 
720
// The cost of using driver is 
4000
// The cost of using vehicle is 
100000
// The idle time cost for driver per unit is 
1
// The idle time cost for vehicle per unit is 
20
// The cost of driver changeover penalty per change is 
30
// The max percentage of combined trips is  
0.0
//The maxFolderOfTimeSlotAsTimeWindow is 
1
// The maxPlanTime is 
720
//The time slot Unit is 
5
//The scale of distance and duration is 
0.99
//The start time of planning horizon
0
//The ending time of planning horizon
1440

//Here are the cities: idOfCity 	 nameOfCity 	 coordinateX 	 coordinateY 
0 C0 80 25
1 C1 78 86
2 C2 45 57
//Depots:  
// idOfDepot  	 indexOfDepotAsStartingPoint 	 indexOfDepotAsEndingPoint 	 idCityAsDepot
0 150 152 1
1 151 153 2
//Trips: idOfTrip 	 idOfStartCity 	 idEndCity	 earliestDepartureTime 	 latestDepartureTime 	 nbCombinedVehicleInThisTrip 	 duration
0 2 1 405 415 1 45
1 1 0 485 495 1 60
2 0 2 595 605 1 45
3 2 0 670 680 1 45
4 0 2 770 780 1 45
5 2 0 835 845 1 45
6 0 2 895 905 1 45
7 1 0 25 35 1 60
8 0 1 100 110 1 60
9 1 2 185 195 1 45
10 2 0 285 295 1 45
11 0 1 385 395 1 60
12 1 2 460 470 1 45
13 2 1 520 530 1 45
14 2 0 140 150 1 45
15 0 1 230 240 1 60
16 1 0 315 325 1 60
17 0 2 405 415 1 45
18 2 0 490 500 1 45
19 0 2 585 595 1 45
20 1 0 150 160 1 60
21 0 1 255 265 1 60
22 1 2 370 380 1 45
23 2 1 465 475 1 45
24 1 2 555 565 1 45
25 2 1 640 650 1 45
26 2 1 580 590 1 45
27 1 0 645 655 1 60
28 0 2 755 765 1 45
29 2 0 825 835 1 45
30 0 1 905 915 1 60
31 1 2 1005 1015 1 45
32 2 1 25 35 1 45
33 1 0 125 135 1 60
34 0 2 230 240 1 45
35 2 1 300 310 1 45
36 1 0 390 400 1 60
37 0 2 480 490 1 45
38 2 0 25 35 1 45
39 0 1 95 105 1 60
40 1 0 205 215 1 60
41 0 2 285 295 1 45
42 2 1 370 380 1 45
43 1 0 435 445 1 60
44 0 2 510 520 1 45
45 1 2 195 205 1 45
46 2 1 285 295 1 45
47 1 2 365 375 1 45
48 2 1 465 475 1 45
49 1 0 550 560 1 60
50 0 2 625 635 1 45
51 2 1 685 695 1 45
52 2 0 445 455 1 45
53 0 2 540 550 1 45
54 2 0 620 630 1 45
55 0 1 705 715 1 60
56 1 0 780 790 1 60
57 0 2 865 875 1 45
58 1 0 285 295 1 60
59 0 2 365 375 1 45
60 2 0 435 445 1 45
61 0 2 515 525 1 45
62 2 0 585 595 1 45
63 0 2 670 680 1 45
64 2 1 730 740 1 45
65 1 2 180 190 1 45
66 2 1 250 260 1 45
67 1 0 315 325 1 60
68 0 1 395 405 1 60
69 1 2 470 480 1 45
70 2 1 570 580 1 45
71 2 1 135 145 1 45
72 1 2 210 220 1 45
73 2 1 270 280 1 45
74 1 0 340 350 1 60
75 0 2 440 450 1 45
76 2 0 540 550 1 45
77 0 2 615 625 1 45
78 2 1 250 260 1 45
79 1 2 335 345 1 45
80 2 1 415 425 1 45
81 1 0 475 485 1 60
82 0 1 550 560 1 60
83 1 2 660 670 1 45
84 2 1 305 315 1 45
85 1 0 390 400 1 60
86 0 2 470 480 1 45
87 2 1 535 545 1 45
88 1 0 610 620 1 60
89 0 1 690 700 1 60
90 1 2 775 785 1 45
91 1 0 55 65 1 60
92 0 2 145 155 1 45
93 2 0 210 220 1 45
94 0 2 295 305 1 45
95 2 0 380 390 1 45
96 0 2 440 450 1 45
97 2 1 535 545 1 45
98 2 1 65 75 1 45
99 1 0 160 170 1 60
100 0 1 240 250 1 60
101 1 2 340 350 1 45
102 2 0 415 425 1 45
103 0 2 485 495 1 45
104 2 1 140 150 1 45
105 1 0 215 225 1 60
106 0 1 300 310 1 60
107 1 2 410 420 1 45
108 2 0 505 515 1 45
109 0 2 570 580 1 45
110 2 1 270 280 1 45
111 1 0 355 365 1 60
112 0 1 455 465 1 60
113 1 2 555 565 1 45
114 2 1 630 640 1 45
115 1 0 690 700 1 60
116 0 2 765 775 1 45
117 2 0 375 385 1 45
118 0 1 450 460 1 60
119 1 2 545 555 1 45
120 2 1 615 625 1 45
121 1 2 680 690 1 45
122 2 0 775 785 1 45
123 0 2 835 845 1 45
124 2 0 525 535 1 45
125 0 1 595 605 1 60
126 1 0 700 710 1 60
127 0 2 810 820 1 45
128 2 1 870 880 1 45
129 1 2 930 940 1 45
130 1 0 480 490 1 60
131 0 1 560 570 1 60
132 1 2 650 660 1 45
133 2 0 715 725 1 45
134 0 2 805 815 1 45
135 2 0 880 890 1 45
136 0 1 950 960 1 60
137 2 1 185 195 1 45
138 1 2 270 280 1 45
139 2 0 345 355 1 45
140 0 1 435 445 1 60
141 1 0 535 545 1 60
142 0 2 655 665 1 45
143 1 2 555 565 1 45
144 2 0 655 665 1 45
145 0 1 750 760 1 60
146 1 0 840 850 1 60
147 0 1 915 925 1 60
148 1 2 350 360 1 45
149 2 1 425 435 1 45
//Vehicles: idOfVehicle idOfStartingDepot nbTrips
0 -1 150
1 -1 150
2 -1 150
3 -1 150
4 -1 150
5 -1 150
6 -1 150
7 -1 150
8 -1 150
9 -1 150
10 -1 150
11 -1 150
12 -1 150
13 -1 150
14 -1 150
15 -1 150
16 -1 150
17 -1 150
18 -1 150
19 -1 150
20 -1 150
21 -1 150
22 -1 150
23 -1 150
//Drivers :idOfDriver idOfStartingDepot idOfEndingDepot nbTrips
0 -1 150
1 -1 150
2 -1 150
3 -1 150
4 -1 150
5 -1 150
6 -1 150
7 -1 150
8 -1 150
9 -1 150
10 -1 150
11 -1 150
12 -1 150
13 -1 150
14 -1 150
15 -1 150
16 -1 150
17 -1 150
18 -1 150
19 -1 150
20 -1 150
21 -1 150
22 -1 150
23 -1 150
