// The instance basic information 
nbCities:3; nbDepots:2; size:90 90;nbTrips:150;nbCombinedTrips37;maxFolderTimeSlotAsTimeWindow2;planningHorizon:0-1440;maxDriving:540;maxWorking:720
// The number of cities is 
3
// The number of depots is 
2
// The max number of vehicles is 
34
// The max number of drivers is 
34
// The number of trips is 
150
// The minPlanTime is 
15
// The short Time for driver is 
20
// The short Time for vehicle is 
20
// The maximum driving time is 
540
// The maximum working time is 
720
// The cost of using driver is 
4000
// The cost of using vehicle is 
100000
// The idle time cost for driver per unit is 
1
// The idle time cost for vehicle per unit is 
20
// The cost of driver changeover penalty per change is 
30
// The max percentage of combined trips is  
0.25
//The maxFolderOfTimeSlotAsTimeWindow is 
2
// The maxPlanTime is 
720
//The time slot Unit is 
5
//The scale of distance and duration is 
0.99
//The start time of planning horizon
0
//The ending time of planning horizon
1440

//Here are the cities: idOfCity 	 nameOfCity 	 coordinateX 	 coordinateY 
0 C0 80 25
1 C1 78 86
2 C2 45 57
//Depots:  
// idOfDepot  	 indexOfDepotAsStartingPoint 	 indexOfDepotAsEndingPoint 	 idCityAsDepot
0 150 152 1
1 151 153 2
//Trips: idOfTrip 	 idOfStartCity 	 idEndCity	 earliestDepartureTime 	 latestDepartureTime 	 nbCombinedVehicleInThisTrip 	 duration
0 2 1 400 420 2 45
1 1 0 480 500 1 60
2 0 2 590 610 2 45
3 2 0 665 685 2 45
4 0 2 765 785 1 45
5 2 0 830 850 1 45
6 0 2 890 910 1 45
7 1 0 20 40 1 60
8 0 1 95 115 1 60
9 1 2 180 200 2 45
10 2 0 280 300 1 45
11 0 1 380 400 1 60
12 1 2 455 475 1 45
13 2 1 515 535 1 45
14 2 0 135 155 1 45
15 0 1 225 245 2 60
16 1 0 310 330 1 60
17 0 2 400 420 2 45
18 2 0 485 505 2 45
19 2 0 355 375 1 45
20 0 1 420 440 1 60
21 1 2 510 530 2 45
22 0 2 755 775 2 45
23 1 0 500 520 2 60
24 0 2 610 630 2 45
25 2 1 680 700 1 45
26 1 0 745 765 1 60
27 0 2 860 880 1 45
28 2 0 920 940 1 45
29 0 1 980 1000 1 60
30 2 1 375 395 2 45
31 0 1 580 600 1 60
32 1 0 695 715 2 60
33 0 2 800 820 2 45
34 1 2 485 505 1 45
35 2 1 545 565 1 45
36 0 2 805 825 2 45
37 2 0 890 910 1 45
38 0 1 950 970 1 60
39 2 1 45 65 1 45
40 2 0 265 285 1 45
41 2 0 470 490 1 45
42 0 2 535 555 1 45
43 1 2 620 640 2 45
44 2 1 705 725 2 45
45 1 0 790 810 1 60
46 0 1 870 890 1 60
47 1 0 970 990 1 60
48 0 1 1055 1075 1 60
49 2 0 445 465 2 45
50 2 1 685 705 2 45
51 1 2 770 790 1 45
52 2 1 830 850 1 45
53 1 2 930 950 2 45
54 1 0 450 470 2 60
55 0 2 565 585 2 45
56 1 2 785 805 2 45
57 2 1 860 880 2 45
58 1 2 465 485 1 45
59 2 1 550 570 1 45
60 2 0 695 715 2 45
61 2 0 870 890 1 45
62 0 1 930 950 1 60
63 1 0 220 240 1 60
64 0 1 300 320 1 60
65 2 0 575 595 1 45
66 0 1 665 685 2 60
67 1 0 475 495 1 60
68 2 0 665 685 2 45
69 2 1 865 885 1 45
70 1 0 245 265 1 60
71 0 2 360 380 2 45
72 0 2 575 595 2 45
73 1 0 555 575 2 60
74 1 2 765 785 1 45
75 1 2 930 950 1 45
76 2 1 990 1010 1 45
77 2 0 85 105 1 45
78 1 2 315 335 2 45
79 1 0 485 505 1 60
80 0 2 560 580 1 45
81 2 0 315 335 1 45
82 0 1 400 420 1 60
83 0 1 640 660 2 60
84 2 0 205 225 1 45
85 2 0 440 460 2 45
86 2 0 570 590 1 45
87 2 0 845 865 2 45
88 0 2 935 955 1 45
89 2 0 1000 1020 1 45
90 0 2 1060 1080 1 45
91 1 2 515 535 1 45
92 0 2 770 790 2 45
93 0 1 910 930 1 60
94 1 0 390 410 1 60
95 0 1 475 495 1 60
96 1 0 585 605 1 60
97 2 1 855 875 1 45
98 1 2 250 270 1 45
99 0 2 520 540 1 45
100 2 0 600 620 1 45
101 0 1 660 680 1 60
102 2 1 265 285 1 45
103 0 2 530 550 1 45
104 0 2 735 755 2 45
105 1 2 200 220 1 45
106 1 0 445 465 1 60
107 1 0 545 565 1 60
108 2 1 825 845 2 45
109 2 1 1025 1045 1 45
110 1 0 180 200 1 60
111 0 2 260 280 1 45
112 0 2 530 550 1 45
113 2 0 595 615 1 45
114 0 1 655 675 1 60
115 1 0 20 40 1 60
116 0 1 130 150 1 60
117 2 1 380 400 1 45
118 1 2 450 470 1 45
119 2 1 510 530 1 45
120 1 0 465 485 1 60
121 0 1 545 565 1 60
122 1 0 645 665 1 60
123 0 2 740 760 1 45
124 1 2 895 915 1 45
125 2 1 955 975 1 45
126 2 1 180 200 1 45
127 1 2 265 285 1 45
128 2 0 340 360 1 45
129 0 1 400 420 1 60
130 1 0 495 515 1 60
131 0 2 585 605 1 45
132 1 0 555 575 1 60
133 0 1 665 685 1 60
134 1 0 755 775 1 60
135 0 1 875 895 1 60
136 1 0 950 970 1 60
137 0 1 1030 1050 1 60
138 2 0 170 190 1 45
139 0 1 240 260 1 60
140 1 2 330 350 1 45
141 2 1 395 415 1 45
142 1 0 475 495 1 60
143 0 2 560 580 1 45
144 1 2 95 115 1 45
145 2 0 170 190 1 45
146 0 2 260 280 1 45
147 2 1 325 345 1 45
148 2 1 35 55 1 45
149 1 2 100 120 1 45
//Vehicles: idOfVehicle idOfStartingDepot nbTrips
0 -1 150
1 -1 150
2 -1 150
3 -1 150
4 -1 150
5 -1 150
6 -1 150
7 -1 150
8 -1 150
9 -1 150
10 -1 150
11 -1 150
12 -1 150
13 -1 150
14 -1 150
15 -1 150
16 -1 150
17 -1 150
18 -1 150
19 -1 150
20 -1 150
21 -1 150
22 -1 150
23 -1 150
24 -1 150
25 -1 150
26 -1 150
27 -1 150
28 -1 150
29 -1 150
30 -1 150
31 -1 150
32 -1 150
33 -1 150
//Drivers :idOfDriver idOfStartingDepot idOfEndingDepot nbTrips
0 -1 150
1 -1 150
2 -1 150
3 -1 150
4 -1 150
5 -1 150
6 -1 150
7 -1 150
8 -1 150
9 -1 150
10 -1 150
11 -1 150
12 -1 150
13 -1 150
14 -1 150
15 -1 150
16 -1 150
17 -1 150
18 -1 150
19 -1 150
20 -1 150
21 -1 150
22 -1 150
23 -1 150
24 -1 150
25 -1 150
26 -1 150
27 -1 150
28 -1 150
29 -1 150
30 -1 150
31 -1 150
32 -1 150
33 -1 150
