//instance
//nbCities:3; nbDepots:2; size:90 90;nbTrips:150;nbCombinedTrips0;maxFolderTimeSlotAsTimeWindow5;planningHorizon:0-1440;maxDriving:540;maxWorking:720
//nbVehicles in the solution
//21
//nbDrivers in the solution
//24
//total cost of the solution
//2269795.0
//vehicle routes in the solution: idVehicle, nbTrips, idStDepot, [idTrips depTime], idEnDepot
vehicle 0 13 0 7 30 8 105 65 185 66 255 67 320 68 400 130 485 131 565 132 655 133 725 134 810 135 885 136 955 0
vehicle 1 8 0 9 190 78 255 79 340 0 410 1 490 2 600 3 675 4 750 1
vehicle 2 7 0 45 225 46 290 47 370 149 430 69 495 70 575 83 650 1
vehicle 3 7 0 58 290 59 370 60 440 61 520 62 585 63 675 64 735 0
vehicle 4 10 0 91 75 92 150 93 215 94 300 42 375 43 440 44 515 26 585 27 650 28 760 1
vehicle 5 6 0 105 220 106 305 36 395 37 485 76 545 77 620 1
vehicle 6 7 0 107 415 18 495 19 565 54 625 55 710 56 785 57 870 1
vehicle 7 5 0 143 560 144 635 145 755 146 845 147 920 0
vehicle 8 10 1 14 145 15 235 16 320 17 410 23 470 24 560 120 620 121 695 122 780 123 840 1
vehicle 9 7 1 32 30 33 130 34 225 10 290 11 365 12 465 13 525 0
vehicle 10 4 1 35 305 22 375 52 450 53 545 1
vehicle 11 8 1 38 40 39 100 20 180 21 260 148 360 80 420 81 480 82 555 0
vehicle 12 4 1 48 470 49 555 50 630 51 690 0
vehicle 13 12 1 71 155 72 215 73 275 74 345 75 445 108 510 109 570 25 645 126 705 127 800 128 875 129 935 1
vehicle 14 4 1 95 385 96 445 124 530 125 600 0
vehicle 15 1 1 97 540 0
vehicle 16 6 1 98 95 99 165 100 245 101 345 102 420 103 490 1
vehicle 17 7 1 104 145 40 210 41 290 139 350 140 440 141 540 142 635 1
vehicle 18 10 1 110 275 111 360 112 455 113 560 114 635 115 695 116 770 29 830 30 910 31 985 1
vehicle 19 3 1 117 380 118 455 119 550 1
vehicle 20 11 1 137 190 138 275 84 335 85 395 86 475 87 540 88 615 89 695 90 780 5 840 6 900 1
//driver schedules in the solution: idDriver, nbTrips, idStDepot, [idTrips idVehicle status depTime]
driver 0 6 1 52 10 true 450 53 10 true 545 54 6 true 625 55 6 true 710 56 6 true 785 57 6 true 870
driver 1 7 1 0 1 true 410 1 1 true 490 2 1 true 600 3 1 true 675 4 1 true 750 5 20 true 840 6 20 true 900
driver 2 7 0 7 0 true 30 8 0 true 105 9 1 true 190 10 9 true 290 11 9 true 365 12 9 true 465 13 9 true 525
driver 3 6 1 14 8 true 145 15 8 true 235 16 8 true 320 17 8 true 410 18 6 true 495 19 6 true 565
driver 4 6 0 20 11 true 180 21 11 true 260 22 10 true 375 23 8 true 470 24 8 true 560 25 13 true 645
driver 5 6 1 26 4 true 585 27 4 true 650 28 4 true 760 29 18 true 830 30 18 true 910 31 18 true 985
driver 6 6 1 32 9 true 30 33 9 true 130 34 9 true 225 35 10 true 305 36 5 true 395 37 5 true 485
driver 7 7 1 38 11 true 40 39 11 true 100 40 17 true 210 41 17 true 290 42 4 true 375 43 4 true 440 44 4 true 515
driver 8 7 0 45 2 true 225 46 2 true 290 47 2 true 370 48 12 true 470 49 12 true 555 50 12 true 630 51 12 true 690
driver 9 7 0 58 3 true 290 59 3 true 370 60 3 true 440 61 3 true 520 62 3 true 585 63 3 true 675 64 3 true 735
driver 10 6 0 65 0 true 185 66 0 true 255 67 0 true 320 68 0 true 400 69 2 true 495 70 2 true 575
driver 11 7 1 71 13 true 155 72 13 true 215 73 13 true 275 74 13 true 345 75 13 true 445 76 5 true 545 77 5 true 620
driver 12 6 1 78 1 true 255 79 1 true 340 80 11 true 420 81 11 true 480 82 11 true 555 83 2 true 650
driver 13 7 1 84 20 true 335 85 20 true 395 86 20 true 475 87 20 true 540 88 20 true 615 89 20 true 695 90 20 true 780
driver 14 7 0 91 4 true 75 92 4 true 150 93 4 true 215 94 4 true 300 95 14 true 385 96 14 true 445 97 15 true 540
driver 15 6 1 98 16 true 95 99 16 true 165 100 16 true 245 101 16 true 345 102 16 true 420 103 16 true 490
driver 16 6 1 104 17 true 145 105 5 true 220 106 5 true 305 107 6 true 415 108 13 true 510 109 13 true 570
driver 17 7 1 110 18 true 275 111 18 true 360 112 18 true 455 113 18 true 560 114 18 true 635 115 18 true 695 116 18 true 770
driver 18 7 1 117 19 true 380 118 19 true 455 119 19 true 550 120 8 true 620 121 8 true 695 122 8 true 780 123 8 true 840
driver 19 6 1 124 14 true 530 125 14 true 600 126 13 true 705 127 13 true 800 128 13 true 875 129 13 true 935
driver 20 7 0 130 0 true 485 131 0 true 565 132 0 true 655 133 0 true 725 134 0 true 810 135 0 true 885 136 0 true 955
driver 21 6 1 137 20 true 190 138 20 true 275 139 17 true 350 140 17 true 440 141 17 true 540 142 17 true 635
driver 22 5 0 143 7 true 560 144 7 true 635 145 7 true 755 146 7 true 845 147 7 true 920
driver 23 2 0 148 11 true 360 149 2 true 430

