//instance
//nbCities:3; nbDepots:2; size:90 90;nbTrips:150;nbCombinedTrips0;maxFolderTimeSlotAsTimeWindow6;planningHorizon:0-1440;maxDriving:540;maxWorking:720
//nbVehicles in the solution
//20
//nbDrivers in the solution
//24
//total cost of the solution
//2171875.0
//vehicle routes in the solution: idVehicle, nbTrips, idStDepot, [idTrips depTime], idEnDepot
vehicle 0 9 0 7 30 8 105 20 185 21 260 148 355 80 420 81 480 82 555 83 665 1
vehicle 1 7 0 9 190 78 255 79 340 0 410 130 485 131 565 132 655 1
vehicle 2 8 0 45 230 46 290 47 370 149 430 1 490 2 600 3 675 4 775 1
vehicle 3 7 0 58 290 59 370 60 440 61 520 62 590 63 675 64 735 0
vehicle 4 12 0 91 75 92 150 137 210 138 275 139 350 140 440 141 540 142 660 133 720 134 810 135 885 136 945 0
vehicle 5 6 0 105 220 106 305 36 395 37 470 124 530 125 600 0
vehicle 6 8 0 107 415 18 495 19 590 144 660 145 755 146 845 147 920 31 1010 1
vehicle 7 5 0 143 560 120 620 121 685 122 780 123 840 1
vehicle 8 4 1 10 290 11 390 12 465 13 525 0
vehicle 9 11 1 14 175 15 235 16 320 17 410 23 470 24 560 25 645 126 705 127 815 128 875 129 935 1
vehicle 10 7 1 32 30 33 130 34 235 35 305 22 375 52 450 53 545 1
vehicle 11 9 1 38 30 39 100 65 185 66 255 67 320 68 400 69 475 76 545 77 620 1
vehicle 12 4 1 48 470 49 555 50 630 51 690 0
vehicle 13 12 1 71 145 72 215 73 275 74 345 75 445 108 510 109 575 114 635 115 695 116 770 29 830 30 910 0
vehicle 14 4 1 84 310 85 395 86 475 87 540 0
vehicle 15 5 1 93 215 94 300 117 380 118 455 119 550 1
vehicle 16 3 1 95 385 96 445 97 540 0
vehicle 17 12 1 98 70 99 165 100 245 101 345 102 420 103 490 70 550 88 615 89 695 90 780 5 840 6 900 1
vehicle 18 9 1 104 145 40 210 41 290 42 375 43 440 44 515 26 585 27 650 28 760 1
vehicle 19 8 1 110 275 111 360 112 460 113 560 54 625 55 710 56 785 57 860 1
//driver schedules in the solution: idDriver, nbTrips, idStDepot, [idTrips idVehicle status depTime]
driver 0 7 1 0 1 true 410 1 2 true 490 2 2 true 600 3 2 true 675 4 2 true 775 5 17 true 840 6 17 true 900
driver 1 7 0 7 0 true 30 8 0 true 105 9 1 true 190 10 8 true 290 11 8 true 390 12 8 true 465 13 8 true 525
driver 2 6 1 26 18 true 585 27 18 true 650 28 18 true 760 29 13 true 830 30 13 true 910 31 6 true 1010
driver 3 7 1 38 11 true 30 39 11 true 100 40 18 true 210 41 18 true 290 42 18 true 375 43 18 true 440 44 18 true 515
driver 4 7 0 58 3 true 290 59 3 true 370 60 3 true 440 61 3 true 520 62 3 true 590 63 3 true 675 64 3 true 735
driver 5 6 1 78 1 true 255 79 1 true 340 80 0 true 420 81 0 true 480 82 0 true 555 83 0 true 665
driver 6 7 1 84 14 true 310 85 14 true 395 86 14 true 475 87 14 true 540 88 17 true 615 89 17 true 695 90 17 true 780
driver 7 6 1 98 17 true 70 99 17 true 165 100 17 true 245 101 17 true 345 102 17 true 420 103 17 true 490
driver 8 6 1 104 18 true 145 105 5 true 220 106 5 true 305 107 6 true 415 108 13 true 510 109 13 true 575
driver 9 7 1 110 19 true 275 111 19 true 360 112 19 true 460 113 19 true 560 114 13 true 635 115 13 true 695 116 13 true 770
driver 10 7 1 117 15 true 380 118 15 true 455 119 15 true 550 120 7 true 620 121 7 true 685 122 7 true 780 123 7 true 840
driver 11 6 1 124 5 true 530 125 5 true 600 126 9 true 705 127 9 true 815 128 9 true 875 129 9 true 935
driver 12 5 0 143 7 true 560 144 6 true 660 145 6 true 755 146 6 true 845 147 6 true 920
driver 13 2 0 148 0 true 355 149 2 true 430
driver 14 6 1 14 9 true 175 15 9 true 235 16 9 true 320 17 9 true 410 18 6 true 495 19 6 true 590
driver 15 6 0 20 0 true 185 21 0 true 260 22 10 true 375 23 9 true 470 24 9 true 560 25 9 true 645
driver 16 6 1 32 10 true 30 33 10 true 130 34 10 true 235 35 10 true 305 36 5 true 395 37 5 true 470
driver 17 7 0 45 2 true 230 46 2 true 290 47 2 true 370 48 12 true 470 49 12 true 555 50 12 true 630 51 12 true 690
driver 18 6 1 52 10 true 450 53 10 true 545 54 19 true 625 55 19 true 710 56 19 true 785 57 19 true 860
driver 19 6 0 65 11 true 185 66 11 true 255 67 11 true 320 68 11 true 400 69 11 true 475 70 17 true 550
driver 20 7 1 71 13 true 145 72 13 true 215 73 13 true 275 74 13 true 345 75 13 true 445 76 11 true 545 77 11 true 620
driver 21 7 0 91 4 true 75 92 4 true 150 93 15 true 215 94 15 true 300 95 16 true 385 96 16 true 445 97 16 true 540
driver 22 7 0 130 1 true 485 131 1 true 565 132 1 true 655 133 4 true 720 134 4 true 810 135 4 true 885 136 4 true 945
driver 23 6 1 137 4 true 210 138 4 true 275 139 4 true 350 140 4 true 440 141 4 true 540 142 4 true 660

