//instance
//nbCities:3; nbDepots:2; size:90 90;nbTrips:150;nbCombinedTrips0;maxFolderTimeSlotAsTimeWindow4;planningHorizon:0-1440;maxDriving:540;maxWorking:720
//nbVehicles in the solution
//20
//nbDrivers in the solution
//24
//total cost of the solution
//2172480.0
//vehicle routes in the solution: idVehicle, nbTrips, idStDepot, [idTrips depTime], idEnDepot
vehicle 0 8 0 7 30 8 105 9 200 66 260 67 320 68 400 69 475 97 540 0
vehicle 1 3 0 22 375 52 460 53 545 1
vehicle 2 8 0 45 220 46 290 47 370 149 430 1 495 2 600 3 675 4 775 1
vehicle 3 7 0 58 295 59 370 60 440 61 520 62 590 63 675 64 735 0
vehicle 4 8 0 91 75 92 150 93 215 94 300 95 385 96 445 124 530 125 600 0
vehicle 5 8 0 99 165 100 245 101 345 102 420 103 490 26 585 27 650 28 760 1
vehicle 6 5 0 105 220 106 305 107 415 18 495 19 590 1
vehicle 7 5 0 143 560 120 620 121 685 122 780 123 840 1
vehicle 8 4 1 10 290 11 390 12 465 13 525 0
vehicle 9 10 1 14 165 15 235 16 320 17 410 23 470 24 560 54 625 55 710 56 785 57 870 1
vehicle 10 12 1 32 30 33 130 34 235 35 325 36 395 37 485 76 545 77 610 144 670 145 755 146 845 147 920 0
vehicle 11 9 1 38 40 39 100 65 185 78 255 79 340 0 410 130 485 131 565 132 655 1
vehicle 12 4 1 48 470 49 555 50 630 51 690 0
vehicle 13 12 1 71 140 72 215 73 275 74 345 75 445 108 510 109 575 25 645 126 705 127 795 128 875 129 935 1
vehicle 14 9 1 84 330 85 395 86 475 87 540 88 615 89 695 90 780 5 840 6 900 1
vehicle 15 7 1 98 90 20 160 21 260 148 355 80 420 81 480 82 555 0
vehicle 16 8 1 104 145 40 210 41 290 42 375 43 440 44 515 70 575 83 645 1
vehicle 17 10 1 110 275 111 360 112 460 113 560 114 635 115 695 116 770 29 830 30 910 31 990 1
vehicle 18 3 1 117 385 118 455 119 550 1
vehicle 19 10 1 137 205 138 275 139 350 140 440 141 540 142 660 133 720 134 810 135 885 136 955 0
//driver schedules in the solution: idDriver, nbTrips, idStDepot, [idTrips idVehicle status depTime]
driver 0 6 1 104 16 true 145 105 6 true 220 106 6 true 305 107 6 true 415 108 13 true 510 109 13 true 575
driver 1 7 1 110 17 true 275 111 17 true 360 112 17 true 460 113 17 true 560 114 17 true 635 115 17 true 695 116 17 true 770
driver 2 7 0 130 11 true 485 131 11 true 565 132 11 true 655 133 19 true 720 134 19 true 810 135 19 true 885 136 19 true 955
driver 3 2 0 148 15 true 355 149 2 true 430
driver 4 7 1 0 11 true 410 1 2 true 495 2 2 true 600 3 2 true 675 4 2 true 775 5 14 true 840 6 14 true 900
driver 5 7 0 7 0 true 30 8 0 true 105 9 0 true 200 10 8 true 290 11 8 true 390 12 8 true 465 13 8 true 525
driver 6 6 1 14 9 true 165 15 9 true 235 16 9 true 320 17 9 true 410 18 6 true 495 19 6 true 590
driver 7 6 0 20 15 true 160 21 15 true 260 22 1 true 375 23 9 true 470 24 9 true 560 25 13 true 645
driver 8 6 1 26 5 true 585 27 5 true 650 28 5 true 760 29 17 true 830 30 17 true 910 31 17 true 990
driver 9 6 1 32 10 true 30 33 10 true 130 34 10 true 235 35 10 true 325 36 10 true 395 37 10 true 485
driver 10 7 1 38 11 true 40 39 11 true 100 40 16 true 210 41 16 true 290 42 16 true 375 43 16 true 440 44 16 true 515
driver 11 7 0 45 2 true 220 46 2 true 290 47 2 true 370 48 12 true 470 49 12 true 555 50 12 true 630 51 12 true 690
driver 12 6 1 52 1 true 460 53 1 true 545 54 9 true 625 55 9 true 710 56 9 true 785 57 9 true 870
driver 13 7 0 58 3 true 295 59 3 true 370 60 3 true 440 61 3 true 520 62 3 true 590 63 3 true 675 64 3 true 735
driver 14 6 0 65 11 true 185 66 0 true 260 67 0 true 320 68 0 true 400 69 0 true 475 70 16 true 575
driver 15 7 1 71 13 true 140 72 13 true 215 73 13 true 275 74 13 true 345 75 13 true 445 76 10 true 545 77 10 true 610
driver 16 6 1 78 11 true 255 79 11 true 340 80 15 true 420 81 15 true 480 82 15 true 555 83 16 true 645
driver 17 7 1 84 14 true 330 85 14 true 395 86 14 true 475 87 14 true 540 88 14 true 615 89 14 true 695 90 14 true 780
driver 18 7 0 91 4 true 75 92 4 true 150 93 4 true 215 94 4 true 300 95 4 true 385 96 4 true 445 97 0 true 540
driver 19 6 1 98 15 true 90 99 5 true 165 100 5 true 245 101 5 true 345 102 5 true 420 103 5 true 490
driver 20 7 1 117 18 true 385 118 18 true 455 119 18 true 550 120 7 true 620 121 7 true 685 122 7 true 780 123 7 true 840
driver 21 6 1 124 4 true 530 125 4 true 600 126 13 true 705 127 13 true 795 128 13 true 875 129 13 true 935
driver 22 6 1 137 19 true 205 138 19 true 275 139 19 true 350 140 19 true 440 141 19 true 540 142 19 true 660
driver 23 5 0 143 7 true 560 144 10 true 670 145 10 true 755 146 10 true 845 147 10 true 920

