//instance
//nbCities:3; nbDepots:2; size:90 90;nbTrips:150;nbCombinedTrips0;maxFolderTimeSlotAsTimeWindow3;planningHorizon:0-1440;maxDriving:540;maxWorking:720
//nbVehicles in the solution
//20
//nbDrivers in the solution
//24
//total cost of the solution
//2172340.0
//vehicle routes in the solution: idVehicle, nbTrips, idStDepot, [idTrips depTime], idEnDepot
vehicle 0 9 0 7 30 8 105 9 190 78 255 79 340 0 410 130 485 131 575 132 655 1
vehicle 1 8 0 40 210 41 290 42 375 43 440 44 515 26 585 27 650 28 760 1
vehicle 2 9 0 45 210 110 275 111 360 112 460 113 560 120 620 121 685 122 780 123 840 1
vehicle 3 7 0 58 295 59 370 60 440 61 520 62 590 63 675 64 735 0
vehicle 4 7 0 91 75 92 150 93 215 94 300 117 380 118 455 119 550 1
vehicle 5 7 0 99 165 100 255 101 345 102 420 103 490 70 575 83 650 1
vehicle 6 8 0 107 415 18 495 19 575 144 660 145 755 146 845 147 920 31 1005 1
vehicle 7 5 0 143 560 54 625 55 710 56 785 57 860 1
vehicle 8 11 1 14 145 15 235 16 320 17 410 23 470 24 560 25 630 126 705 127 800 128 875 129 935 1
vehicle 9 7 1 32 30 33 130 34 220 10 290 11 375 12 465 13 525 0
vehicle 10 4 1 35 305 22 375 52 450 53 545 1
vehicle 11 8 1 38 35 39 100 65 185 66 255 67 320 68 400 69 475 97 540 0
vehicle 12 7 1 46 290 47 370 149 430 1 490 2 600 3 675 4 760 1
vehicle 13 4 1 48 470 49 555 50 630 51 690 0
vehicle 14 12 1 71 155 72 215 73 275 74 345 75 445 108 510 109 575 114 635 115 695 116 770 29 830 30 910 0
vehicle 15 9 1 84 325 85 395 86 475 87 540 88 615 89 695 90 780 5 840 6 900 1
vehicle 16 4 1 95 385 96 445 124 530 125 600 0
vehicle 17 7 1 98 70 20 155 21 260 148 355 80 420 81 480 82 555 0
vehicle 18 7 1 104 160 105 220 106 305 36 395 37 485 76 545 77 620 1
vehicle 19 10 1 137 205 138 275 139 350 140 440 141 540 142 660 133 720 134 810 135 885 136 955 0
//driver schedules in the solution: idDriver, nbTrips, idStDepot, [idTrips idVehicle status depTime]
driver 0 6 0 65 11 true 185 66 11 true 255 67 11 true 320 68 11 true 400 69 11 true 475 70 5 true 575
driver 1 7 1 110 2 true 275 111 2 true 360 112 2 true 460 113 2 true 560 114 14 true 635 115 14 true 695 116 14 true 770
driver 2 7 1 117 4 true 380 118 4 true 455 119 4 true 550 120 2 true 620 121 2 true 685 122 2 true 780 123 2 true 840
driver 3 5 0 143 7 true 560 144 6 true 660 145 6 true 755 146 6 true 845 147 6 true 920
driver 4 2 0 148 17 true 355 149 12 true 430
driver 5 7 1 0 0 true 410 1 12 true 490 2 12 true 600 3 12 true 675 4 12 true 760 5 15 true 840 6 15 true 900
driver 6 7 0 7 0 true 30 8 0 true 105 9 0 true 190 10 9 true 290 11 9 true 375 12 9 true 465 13 9 true 525
driver 7 6 1 14 8 true 145 15 8 true 235 16 8 true 320 17 8 true 410 18 6 true 495 19 6 true 575
driver 8 6 0 20 17 true 155 21 17 true 260 22 10 true 375 23 8 true 470 24 8 true 560 25 8 true 630
driver 9 6 1 26 1 true 585 27 1 true 650 28 1 true 760 29 14 true 830 30 14 true 910 31 6 true 1005
driver 10 6 1 32 9 true 30 33 9 true 130 34 9 true 220 35 10 true 305 36 18 true 395 37 18 true 485
driver 11 7 1 38 11 true 35 39 11 true 100 40 1 true 210 41 1 true 290 42 1 true 375 43 1 true 440 44 1 true 515
driver 12 7 0 45 2 true 210 46 12 true 290 47 12 true 370 48 13 true 470 49 13 true 555 50 13 true 630 51 13 true 690
driver 13 6 1 52 10 true 450 53 10 true 545 54 7 true 625 55 7 true 710 56 7 true 785 57 7 true 860
driver 14 7 0 58 3 true 295 59 3 true 370 60 3 true 440 61 3 true 520 62 3 true 590 63 3 true 675 64 3 true 735
driver 15 7 1 71 14 true 155 72 14 true 215 73 14 true 275 74 14 true 345 75 14 true 445 76 18 true 545 77 18 true 620
driver 16 6 1 78 0 true 255 79 0 true 340 80 17 true 420 81 17 true 480 82 17 true 555 83 5 true 650
driver 17 7 1 84 15 true 325 85 15 true 395 86 15 true 475 87 15 true 540 88 15 true 615 89 15 true 695 90 15 true 780
driver 18 7 0 91 4 true 75 92 4 true 150 93 4 true 215 94 4 true 300 95 16 true 385 96 16 true 445 97 11 true 540
driver 19 6 1 98 17 true 70 99 5 true 165 100 5 true 255 101 5 true 345 102 5 true 420 103 5 true 490
driver 20 6 1 104 18 true 160 105 18 true 220 106 18 true 305 107 6 true 415 108 14 true 510 109 14 true 575
driver 21 6 1 124 16 true 530 125 16 true 600 126 8 true 705 127 8 true 800 128 8 true 875 129 8 true 935
driver 22 7 0 130 0 true 485 131 0 true 575 132 0 true 655 133 19 true 720 134 19 true 810 135 19 true 885 136 19 true 955
driver 23 6 1 137 19 true 205 138 19 true 275 139 19 true 350 140 19 true 440 141 19 true 540 142 19 true 660

