//instance
//nbCities:3; nbDepots:2; size:90 90;nbTrips:150;nbCombinedTrips0;maxFolderTimeSlotAsTimeWindow2;planningHorizon:0-1440;maxDriving:540;maxWorking:720
//nbVehicles in the solution
//20
//nbDrivers in the solution
//24
//total cost of the solution
//2173575.0
//vehicle routes in the solution: idVehicle, nbTrips, idStDepot, [idTrips depTime], idEnDepot
vehicle 0 8 0 7 30 8 115 9 190 78 255 79 340 80 420 81 480 82 555 0
vehicle 1 5 0 20 165 21 260 22 375 52 460 53 545 1
vehicle 2 7 0 58 290 59 370 60 440 61 520 62 600 63 675 64 735 0
vehicle 3 6 0 72 215 73 275 74 345 75 445 76 545 77 620 1
vehicle 4 7 0 91 60 92 150 93 215 94 305 117 380 118 455 119 550 1
vehicle 5 5 0 105 220 106 305 36 395 37 480 97 540 0
vehicle 6 8 0 107 415 18 495 19 590 144 660 145 760 146 845 147 920 31 1010 1
vehicle 7 5 0 143 560 120 620 121 685 122 780 123 840 1
vehicle 8 4 1 10 290 11 390 12 465 13 525 0
vehicle 9 8 1 14 145 15 235 16 320 17 410 48 470 49 555 50 630 51 690 0
vehicle 10 7 1 23 470 24 560 25 645 126 705 127 815 128 875 129 935 1
vehicle 11 11 1 32 30 33 130 34 235 35 305 111 370 112 460 113 560 54 625 55 710 56 785 57 870 1
vehicle 12 9 1 38 40 39 100 65 185 66 255 67 320 68 400 69 475 124 535 125 600 0
vehicle 13 7 1 46 290 47 370 149 430 1 490 2 600 3 675 4 765 1
vehicle 14 8 1 71 150 45 210 110 275 148 355 102 420 103 490 70 575 83 665 1
vehicle 15 9 1 84 310 85 395 86 475 87 540 88 615 89 695 90 780 5 840 6 900 1
vehicle 16 9 1 95 385 96 445 108 510 109 575 114 635 115 695 116 770 29 830 30 900 0
vehicle 17 8 1 98 80 99 165 100 245 101 345 0 410 130 485 131 565 132 655 1
vehicle 18 9 1 104 145 40 210 41 290 42 375 43 440 44 515 26 585 27 650 28 760 1
vehicle 19 10 1 137 200 138 275 139 350 140 440 141 540 142 660 133 720 134 810 135 885 136 945 0
//driver schedules in the solution: idDriver, nbTrips, idStDepot, [idTrips idVehicle status depTime]
driver 0 6 1 14 9 true 145 15 9 true 235 16 9 true 320 17 9 true 410 18 6 true 495 19 6 true 590
driver 1 6 0 65 12 true 185 66 12 true 255 67 12 true 320 68 12 true 400 69 12 true 475 70 14 true 575
driver 2 6 1 78 0 true 255 79 0 true 340 80 0 true 420 81 0 true 480 82 0 true 555 83 14 true 665
driver 3 7 1 84 15 true 310 85 15 true 395 86 15 true 475 87 15 true 540 88 15 true 615 89 15 true 695 90 15 true 780
driver 4 6 1 104 18 true 145 105 5 true 220 106 5 true 305 107 6 true 415 108 16 true 510 109 16 true 575
driver 5 7 1 117 4 true 380 118 4 true 455 119 4 true 550 120 7 true 620 121 7 true 685 122 7 true 780 123 7 true 840
driver 6 2 0 148 14 true 355 149 13 true 430
driver 7 7 1 0 17 true 410 1 13 true 490 2 13 true 600 3 13 true 675 4 13 true 765 5 15 true 840 6 15 true 900
driver 8 7 0 7 0 true 30 8 0 true 115 9 0 true 190 10 8 true 290 11 8 true 390 12 8 true 465 13 8 true 525
driver 9 6 0 20 1 true 165 21 1 true 260 22 1 true 375 23 10 true 470 24 10 true 560 25 10 true 645
driver 10 6 1 26 18 true 585 27 18 true 650 28 18 true 760 29 16 true 830 30 16 true 900 31 6 true 1010
driver 11 6 1 32 11 true 30 33 11 true 130 34 11 true 235 35 11 true 305 36 5 true 395 37 5 true 480
driver 12 7 1 38 12 true 40 39 12 true 100 40 18 true 210 41 18 true 290 42 18 true 375 43 18 true 440 44 18 true 515
driver 13 7 0 45 14 true 210 46 13 true 290 47 13 true 370 48 9 true 470 49 9 true 555 50 9 true 630 51 9 true 690
driver 14 6 1 52 1 true 460 53 1 true 545 54 11 true 625 55 11 true 710 56 11 true 785 57 11 true 870
driver 15 7 0 58 2 true 290 59 2 true 370 60 2 true 440 61 2 true 520 62 2 true 600 63 2 true 675 64 2 true 735
driver 16 7 1 71 14 true 150 72 3 true 215 73 3 true 275 74 3 true 345 75 3 true 445 76 3 true 545 77 3 true 620
driver 17 7 0 91 4 true 60 92 4 true 150 93 4 true 215 94 4 true 305 95 16 true 385 96 16 true 445 97 5 true 540
driver 18 6 1 98 17 true 80 99 17 true 165 100 17 true 245 101 17 true 345 102 14 true 420 103 14 true 490
driver 19 7 1 110 14 true 275 111 11 true 370 112 11 true 460 113 11 true 560 114 16 true 635 115 16 true 695 116 16 true 770
driver 20 6 1 124 12 true 535 125 12 true 600 126 10 true 705 127 10 true 815 128 10 true 875 129 10 true 935
driver 21 7 0 130 17 true 485 131 17 true 565 132 17 true 655 133 19 true 720 134 19 true 810 135 19 true 885 136 19 true 945
driver 22 6 1 137 19 true 200 138 19 true 275 139 19 true 350 140 19 true 440 141 19 true 540 142 19 true 660
driver 23 5 0 143 7 true 560 144 6 true 660 145 6 true 760 146 6 true 845 147 6 true 920

