//instance
nbCities:5; nbDepots:2; size:180 180;nbTrips:300;nbCombinedTrips45;planningHorizon:0-1440;maxDriving:540;maxWorking:720
//nbVehicles in the solution 
47
//total cost of the vehicle route solution
4901460.0
//vehicle routes in the solution: idVehicle, nbTrips, idStDepot, [idTrips], idEnDepot
vehicle 0 3 0 2 67 68 1
vehicle 1 6 0 36 49 188 60 119 120 0
vehicle 2 5 0 36 59 50 160 161 1
vehicle 3 14 0 40 280 281 88 200 201 190 213 289 193 194 20 21 22 0
vehicle 4 8 0 75 146 9 10 48 78 21 116 0
vehicle 5 8 0 81 209 46 47 61 62 108 109 1
vehicle 6 12 0 83 99 234 235 228 43 135 27 76 183 7 11 0
vehicle 7 14 0 83 268 124 175 176 277 152 114 214 263 136 195 196 197 0
vehicle 8 10 0 87 64 33 292 236 103 104 4 14 15 1
vehicle 9 3 0 128 129 77 1
vehicle 10 9 0 132 23 34 260 261 262 215 216 217 1
vehicle 11 6 0 139 100 101 112 82 8 0
vehicle 12 4 0 142 41 143 86 0
vehicle 13 7 0 177 219 16 154 19 137 138 0
vehicle 14 4 0 179 5 6 7 1
vehicle 15 5 0 180 181 37 107 131 0
vehicle 16 3 0 191 192 290 1
vehicle 17 9 0 205 206 174 285 286 238 73 74 134 0
vehicle 18 4 0 220 231 232 170 0
vehicle 19 11 0 233 111 259 118 125 167 93 162 38 62 52 1
vehicle 20 3 0 247 72 144 0
vehicle 21 7 0 272 273 70 117 84 85 246 0
vehicle 22 7 0 279 98 241 242 243 133 141 1
vehicle 23 8 0 291 226 227 102 237 60 119 264 0
vehicle 24 8 0 293 294 278 53 51 54 105 52 1
vehicle 25 11 1 0 1 218 178 249 250 148 258 171 172 12 1
vehicle 26 4 1 3 4 14 15 1
vehicle 27 2 1 3 297 0
vehicle 28 7 1 13 182 10 48 78 21 22 0
vehicle 29 13 1 30 31 32 33 292 236 103 104 4 14 94 95 96 1
vehicle 30 4 1 44 45 82 8 0
vehicle 31 6 1 44 45 254 37 107 131 0
vehicle 32 9 1 65 24 25 26 27 76 183 7 11 0
vehicle 33 9 1 65 24 187 248 53 51 54 105 52 1
vehicle 34 7 1 69 274 275 276 2 67 68 1
vehicle 35 9 1 69 282 283 89 90 91 113 126 127 0
vehicle 36 4 1 71 50 160 161 1
vehicle 37 7 1 79 80 70 117 84 85 246 0
vehicle 38 14 1 97 31 32 88 200 201 190 213 289 193 194 20 21 116 0
vehicle 39 4 1 106 255 107 39 0
vehicle 40 5 1 110 66 101 112 82 1
vehicle 41 13 1 173 207 208 244 245 202 203 17 18 155 156 157 158 1
vehicle 42 5 1 185 186 35 121 122 1
vehicle 43 7 1 198 199 299 159 189 74 134 0
vehicle 44 6 1 229 230 240 147 251 252 0
vehicle 45 12 1 265 266 267 99 234 235 228 43 135 27 76 29 1
vehicle 46 6 1 295 296 221 163 164 165 1

