//The mini cost is including :2715450.0
//The fixed cost for vehicle and driver :2636000.0
//The idle cost for vehicle and driver :76270.0
//The idle cost for all drivers :6370.0
//THe idle cost for all vehicles 69900.0
//The changeover cost for all drivers: 3180.0
//Routes for all vehicles: idVehicle nbTripsInRoutes  [idTrip departureTime]
vehicle 0 5 0 1 520 2 595 3 660 4 745 108 805 0
vehicle 1 10 0 7 35 8 110 9 185 84 245 71 340 30 405 34 465 18 525 24 610 25 670 0
vehicle 2 8 0 21 550 65 610 66 670 51 750 5 810 6 870 37 930 38 990 0
vehicle 3 5 0 23 530 24 610 60 710 36 785 52 845 0
vehicle 4 7 0 63 250 64 325 94 400 95 475 21 550 86 610 22 735 1
vehicle 5 4 0 73 545 66 670 74 745 108 805 0
vehicle 6 5 0 73 545 83 625 32 705 33 785 69 845 0
vehicle 7 11 0 78 335 19 395 20 455 23 530 31 620 32 705 36 785 61 850 62 910 47 985 48 1060 0
vehicle 8 7 0 79 515 80 590 68 650 33 785 97 845 75 910 76 970 0
vehicle 9 7 0 91 495 13 555 96 625 92 775 57 840 124 900 125 960 0
vehicle 10 10 0 105 240 40 305 17 380 0 440 67 500 55 575 100 635 101 695 56 775 57 840 0
vehicle 11 13 0 110 180 111 255 10 315 11 375 12 450 41 510 42 570 113 630 114 690 26 765 27 840 28 900 29 960 0
vehicle 12 11 0 115 35 116 110 9 185 102 245 16 305 17 380 0 440 120 500 121 575 122 650 123 725 1
vehicle 13 3 0 130 535 131 610 50 675 0
vehicle 14 7 0 132 595 133 705 134 780 135 855 53 930 89 990 90 1050 1
vehicle 15 4 0 142 515 143 590 68 650 104 715 1
vehicle 16 9 1 39 70 144 130 145 190 146 250 147 310 140 370 141 430 54 490 55 575 1
vehicle 17 4 1 49 465 72 590 3 660 22 735 1
vehicle 18 9 1 49 465 99 525 35 585 43 645 44 710 45 770 46 855 53 930 109 1005 0
vehicle 19 7 1 77 125 15 215 98 290 81 350 82 410 106 485 83 625 0
vehicle 20 6 1 85 465 2 595 44 710 56 775 87 840 88 915 1
vehicle 21 10 1 85 465 112 525 59 585 43 645 60 710 92 775 87 840 93 900 136 975 137 1050 0
vehicle 22 8 1 126 205 70 265 71 340 117 400 118 460 119 520 107 585 104 715 1
vehicle 23 8 1 138 200 139 260 78 335 30 405 58 465 18 525 72 590 50 675 0
vehicle 24 9 1 148 35 149 95 14 155 15 215 127 290 128 350 129 415 54 490 103 565 1
//Schedules for all drivers: idDriver nbTripsInRoutes  [idTrip idVehicle status departureTime]
driver 0 7 1 0 12 true 440 1 0 true 520 2 20 true 595 3 17 true 660 4 0 true 745 5 2 true 810 6 2 true 870
driver 1 5 1 30 23 true 405 23 7 false 530 31 7 true 620 32 7 true 705 33 8 true 785
driver 2 6 0 34 1 true 465 35 18 true 585 32 7 false 705 36 7 true 785 37 2 true 930 38 2 true 990
driver 3 5 0 54 24 true 490 55 16 true 575 44 20 false 710 56 20 true 775 57 10 true 840
driver 4 7 0 58 23 true 465 59 21 true 585 43 21 false 645 60 21 true 710 36 7 false 785 61 7 true 850 62 7 true 910
driver 5 5 0 67 10 true 500 55 16 false 575 68 15 true 650 33 8 false 785 69 6 true 845
driver 6 4 1 84 1 true 245 71 22 false 340 85 21 true 465 72 23 false 590
driver 7 5 0 91 9 true 495 60 21 false 710 92 21 true 775 87 21 false 840 93 21 true 900
driver 8 5 1 102 12 true 245 54 24 false 490 103 24 true 565 68 15 false 650 104 22 true 715
driver 9 6 0 115 12 true 35 116 12 true 110 78 23 false 335 117 22 true 400 118 22 true 460 119 22 true 520
driver 10 6 1 77 19 true 125 15 24 false 215 78 23 true 335 0 12 false 440 79 8 true 515 80 8 true 590
driver 11 5 0 107 22 true 585 104 22 false 715 108 5 true 805 53 18 false 930 109 18 true 1005
driver 12 7 0 7 1 true 35 8 1 true 110 9 12 true 185 10 11 true 315 11 11 true 375 12 11 true 450 13 9 true 555
driver 13 6 1 14 24 true 155 15 24 true 215 16 12 true 305 17 12 true 380 18 23 true 525 2 20 false 595
driver 14 5 1 19 7 true 395 20 7 true 455 21 4 true 550 3 17 false 660 22 17 true 735
driver 15 7 0 23 7 true 530 24 3 true 610 25 1 true 670 26 11 true 765 27 11 true 840 28 11 true 900 29 11 true 960
driver 16 6 1 39 16 true 70 9 12 false 185 40 10 true 305 17 12 false 380 41 11 true 510 42 11 true 570
driver 17 6 0 43 21 true 645 44 20 true 710 45 18 true 770 46 18 true 855 47 7 true 985 48 7 true 1060
driver 18 6 1 49 18 true 465 24 3 false 610 50 23 true 675 51 2 true 750 52 3 true 845 53 18 true 930
driver 19 5 0 63 4 true 250 64 4 true 325 21 4 false 550 65 2 true 610 66 5 true 670
driver 20 5 0 70 22 true 265 71 22 true 340 18 23 false 525 72 23 true 590 50 23 false 675
driver 21 6 0 73 6 true 545 66 5 false 670 74 5 true 745 57 10 false 840 75 8 true 910 76 8 true 970
driver 22 5 1 81 19 true 350 82 19 true 410 73 6 false 545 83 19 true 625 56 20 false 775
driver 23 6 1 86 4 true 610 22 17 false 735 87 21 true 840 88 20 true 915 89 14 true 990 90 14 true 1050
driver 24 5 0 94 4 true 400 95 4 true 475 96 9 true 625 92 21 false 775 97 8 true 845
driver 25 5 0 98 19 true 290 49 18 false 465 99 18 true 525 100 10 true 635 101 10 true 695
driver 26 4 0 105 10 true 240 30 23 false 405 106 19 true 485 83 19 false 625
driver 27 6 0 110 11 true 180 111 11 true 255 85 21 false 465 112 21 true 525 113 11 true 630 114 11 true 690
driver 28 7 0 120 12 true 500 121 12 true 575 122 12 true 650 123 12 true 725 108 5 false 805 124 9 true 900 125 9 true 960
driver 29 6 1 126 22 true 205 127 24 true 290 128 24 true 350 129 24 true 415 130 13 true 535 131 13 true 610
driver 30 6 0 132 14 true 595 133 14 true 705 134 14 true 780 135 14 true 855 136 21 true 975 137 21 true 1050
driver 31 6 1 138 23 true 200 139 23 true 260 140 16 true 370 141 16 true 430 142 15 true 515 143 15 true 590
driver 32 4 0 144 16 true 130 145 16 true 190 146 16 true 250 147 16 true 310
driver 33 2 1 148 24 true 35 149 24 true 95
