//The mini cost is including :2715995.0
//The fixed cost for vehicle and driver :2636000.0
//The idle cost for vehicle and driver :76875.0
//The idle cost for all drivers :6075.0
//THe idle cost for all vehicles 70800.0
//The changeover cost for all drivers: 3120.0
//Routes for all vehicles: idVehicle nbTripsInRoutes  [idTrip departureTime]
vehicle 0 8 0 1 520 2 595 3 655 4 750 5 810 6 870 37 930 38 990 0
vehicle 1 12 0 7 60 8 135 9 210 10 300 11 360 12 435 13 495 73 555 66 675 56 765 87 830 88 915 1
vehicle 2 1 0 21 530 1
vehicle 3 9 0 23 520 24 600 25 665 32 725 33 800 57 860 53 920 89 980 90 1040 1
vehicle 4 4 0 23 520 31 595 122 670 123 745 1
vehicle 5 9 0 58 465 18 525 2 595 50 665 32 725 36 800 57 860 75 920 76 980 0
vehicle 6 8 0 63 205 64 280 78 355 30 415 120 475 121 550 96 625 22 735 1
vehicle 7 4 0 67 515 55 595 3 655 104 715 1
vehicle 8 10 0 78 355 117 415 118 475 119 535 132 595 133 670 134 745 135 855 136 930 137 1010 0
vehicle 9 5 0 91 555 65 615 66 675 74 750 108 810 0
vehicle 10 9 0 105 185 84 245 71 340 0 430 54 490 24 600 44 705 45 770 46 850 0
vehicle 11 5 0 107 585 92 765 52 825 124 885 125 945 0
vehicle 12 6 0 110 220 111 295 128 355 129 415 54 490 103 565 1
vehicle 13 13 0 115 60 116 135 9 210 102 270 16 330 17 405 41 465 42 525 59 585 43 645 44 705 56 765 97 835 0
vehicle 14 6 0 130 535 131 610 60 705 36 800 61 860 62 920 0
vehicle 15 3 1 19 395 20 455 21 530 1
vehicle 16 5 1 30 415 142 475 143 550 86 610 22 735 1
vehicle 17 13 1 39 65 144 125 145 185 146 245 40 305 17 405 85 465 55 595 68 655 33 800 69 860 53 920 109 1005 0
vehicle 18 3 1 49 485 72 585 50 665 0
vehicle 19 6 1 49 485 99 545 100 605 101 665 51 750 108 810 0
vehicle 20 8 1 77 125 15 210 98 285 147 345 94 405 95 480 73 555 83 630 0
vehicle 21 10 1 85 465 112 525 35 585 43 645 60 705 92 765 87 830 93 890 47 965 48 1040 0
vehicle 22 12 1 126 205 70 265 71 340 0 430 79 490 80 565 113 625 114 685 26 765 27 840 28 900 29 960 0
vehicle 23 9 1 138 210 139 270 140 345 141 405 34 465 18 525 72 585 68 655 104 715 1
vehicle 24 9 1 148 30 149 90 14 150 15 210 127 285 81 350 82 410 106 485 83 630 0
//Schedules for all drivers: idDriver nbTripsInRoutes  [idTrip idVehicle status departureTime]
driver 0 7 1 0 22 true 430 1 0 true 520 2 5 true 595 3 7 true 655 4 0 true 750 5 0 true 810 6 0 true 870
driver 1 5 1 30 16 true 415 23 4 false 520 31 4 true 595 32 5 true 725 33 17 true 800
driver 2 6 0 34 23 true 465 35 21 true 585 32 5 false 725 36 14 true 800 37 0 true 930 38 0 true 990
driver 3 5 0 54 12 true 490 55 17 true 595 44 13 false 705 56 13 true 765 57 5 true 860
driver 4 7 0 58 5 true 465 59 13 true 585 43 21 false 645 60 21 true 705 36 14 false 800 61 14 true 860 62 14 true 920
driver 5 5 0 67 7 true 515 55 17 false 595 68 23 true 655 33 17 false 800 69 17 true 860
driver 6 4 1 84 10 true 245 71 22 false 340 85 21 true 465 72 23 false 585
driver 7 5 0 91 9 true 555 60 21 false 705 92 21 true 765 87 21 false 830 93 21 true 890
driver 8 5 1 102 13 true 270 54 12 false 490 103 12 true 565 68 23 false 655 104 23 true 715
driver 9 6 0 115 13 true 60 116 13 true 135 78 8 false 355 117 8 true 415 118 8 true 475 119 8 true 535
driver 10 6 1 77 20 true 125 15 24 false 210 78 8 true 355 0 22 false 430 79 22 true 490 80 22 true 565
driver 11 5 0 107 11 true 585 104 23 false 715 108 19 true 810 53 17 false 920 109 17 true 1005
driver 12 7 0 7 1 true 60 8 1 true 135 9 13 true 210 10 1 true 300 11 1 true 360 12 1 true 435 13 1 true 495
driver 13 6 1 14 24 true 150 15 24 true 210 16 13 true 330 17 17 true 405 18 23 true 525 2 5 false 595
driver 14 5 1 19 15 true 395 20 15 true 455 21 15 true 530 3 7 false 655 22 16 true 735
driver 15 7 0 23 4 true 520 24 10 true 600 25 3 true 665 26 22 true 765 27 22 true 840 28 22 true 900 29 22 true 960
driver 16 6 1 39 17 true 65 9 13 false 210 40 17 true 305 17 17 false 405 41 13 true 465 42 13 true 525
driver 17 6 0 43 21 true 645 44 13 true 705 45 10 true 770 46 10 true 850 47 21 true 965 48 21 true 1040
driver 18 6 1 49 19 true 485 24 10 false 600 50 18 true 665 51 19 true 750 52 11 true 825 53 17 true 920
driver 19 5 0 63 6 true 205 64 6 true 280 21 15 false 530 65 9 true 615 66 9 true 675
driver 20 5 0 70 22 true 265 71 22 true 340 18 23 false 525 72 23 true 585 50 18 false 665
driver 21 6 0 73 20 true 555 66 9 false 675 74 9 true 750 57 5 false 860 75 5 true 920 76 5 true 980
driver 22 5 1 81 24 true 350 82 24 true 410 73 20 false 555 83 24 true 630 56 13 false 765
driver 23 6 1 86 16 true 610 22 16 false 735 87 21 true 830 88 1 true 915 89 3 true 980 90 3 true 1040
driver 24 5 0 94 20 true 405 95 20 true 480 96 6 true 625 92 21 false 765 97 13 true 835
driver 25 5 0 98 20 true 285 49 19 false 485 99 19 true 545 100 19 true 605 101 19 true 665
driver 26 4 0 105 10 true 185 30 16 false 415 106 24 true 485 83 24 false 630
driver 27 6 0 110 12 true 220 111 12 true 295 85 21 false 465 112 21 true 525 113 22 true 625 114 22 true 685
driver 28 7 0 120 6 true 475 121 6 true 550 122 4 true 670 123 4 true 745 108 19 false 810 124 11 true 885 125 11 true 945
driver 29 6 1 126 22 true 205 127 24 true 285 128 12 true 355 129 12 true 415 130 14 true 535 131 14 true 610
driver 30 6 0 132 8 true 595 133 8 true 670 134 8 true 745 135 8 true 855 136 8 true 930 137 8 true 1010
driver 31 6 1 138 23 true 210 139 23 true 270 140 23 true 345 141 23 true 405 142 16 true 475 143 16 true 550
driver 32 4 0 144 17 true 125 145 17 true 185 146 17 true 245 147 20 true 345
driver 33 2 1 148 24 true 30 149 24 true 90
