//The mini cost is including :2751500.0
//The fixed cost for vehicle and driver :2636000.0
//The idle cost for vehicle and driver :112590.0
//The idle cost for all drivers :6190.0
//THe idle cost for all vehicles 106400.0
//The changeover cost for all drivers: 2910.0
//Routes for all vehicles: idVehicle nbTripsInRoutes  [idTrip departureTime]
vehicle 0 9 0 7 60 8 135 9 210 30 415 23 510 24 600 60 675 92 775 97 835 0
vehicle 1 4 0 34 475 35 535 132 595 133 670 0
vehicle 2 9 0 58 450 41 510 42 570 100 630 101 690 26 765 27 840 28 900 29 960 0
vehicle 3 10 0 63 260 64 335 94 410 95 485 73 560 83 635 56 790 57 850 75 910 76 970 0
vehicle 4 4 0 67 515 31 590 122 665 123 740 1
vehicle 5 7 0 70 265 71 340 49 485 55 595 68 655 33 805 69 865 0
vehicle 6 4 0 73 560 83 635 56 790 57 850 0
vehicle 7 7 0 78 305 0 410 54 485 104 720 108 805 53 945 109 1005 0
vehicle 8 5 0 79 475 80 550 86 610 66 670 74 745 1
vehicle 9 1 0 91 555 1
vehicle 10 11 0 98 290 19 350 20 410 106 485 112 560 113 620 114 680 51 755 52 815 124 875 125 935 0
vehicle 11 11 0 105 240 10 300 11 360 12 435 18 495 72 555 50 665 32 725 36 810 37 870 38 930 0
vehicle 12 6 0 110 220 111 295 81 355 82 415 1 490 103 565 1
vehicle 13 8 0 115 60 116 135 9 210 30 415 23 510 24 600 60 675 92 775 1
vehicle 14 6 0 120 475 121 550 96 625 4 750 5 810 6 870 1
vehicle 15 7 1 18 495 72 555 50 665 32 725 36 810 61 870 62 930 0
vehicle 16 9 1 39 65 144 125 145 185 146 245 147 305 140 365 141 425 142 485 143 560 1
vehicle 17 10 1 40 305 17 380 85 445 2 570 3 645 22 735 87 860 88 920 89 980 90 1040 1
vehicle 18 8 1 77 125 15 205 21 490 13 550 43 610 44 725 45 785 46 860 0
vehicle 19 6 1 84 245 71 340 49 485 55 595 68 655 33 805 1
vehicle 20 7 1 102 245 78 305 0 410 54 485 104 720 108 805 53 945 1
vehicle 21 6 1 117 370 118 430 119 490 107 550 131 625 25 685 0
vehicle 22 8 1 126 220 127 280 128 340 129 400 130 475 99 550 65 610 66 670 0
vehicle 23 12 1 138 170 139 230 16 305 17 380 85 445 2 570 3 645 22 735 87 860 93 920 47 995 48 1070 0
vehicle 24 12 1 148 25 149 85 14 145 15 205 21 490 59 550 43 610 44 725 134 785 135 860 136 935 137 1010 0
//Schedules for all drivers: idDriver nbTripsInRoutes  [idTrip idVehicle status departureTime]
driver 0 7 1 0 20 true 410 1 12 true 490 2 23 true 570 3 23 true 645 4 14 true 750 5 14 true 810 6 14 true 870
driver 1 5 1 30 13 true 415 23 13 false 510 31 4 true 590 32 15 true 725 33 19 true 805
driver 2 6 0 34 1 true 475 35 1 true 535 32 15 false 725 36 15 true 810 37 11 true 870 38 11 true 930
driver 3 5 0 54 20 true 485 55 19 true 595 44 24 false 725 56 6 true 790 57 6 true 850
driver 4 7 0 58 2 true 450 59 24 true 550 43 24 false 610 60 13 true 675 36 15 false 810 61 15 true 870 62 15 true 930
driver 5 5 0 67 4 true 515 55 19 false 595 68 19 true 655 33 19 false 805 69 5 true 865
driver 6 4 1 84 19 true 245 71 19 false 340 85 23 true 445 72 15 false 555
driver 7 5 0 91 9 true 555 60 13 false 675 92 13 true 775 87 23 false 860 93 23 true 920
driver 8 5 1 102 20 true 245 54 20 false 485 103 12 true 565 68 19 false 655 104 20 true 720
driver 9 6 0 115 13 true 60 116 13 true 135 78 20 false 305 117 21 true 370 118 21 true 430 119 21 true 490
driver 10 6 1 77 18 true 125 15 24 false 205 78 20 true 305 0 20 false 410 79 8 true 475 80 8 true 550
driver 11 5 0 107 21 true 550 104 20 false 720 108 20 true 805 53 20 false 945 109 7 true 1005
driver 12 7 0 7 0 true 60 8 0 true 135 9 13 true 210 10 11 true 300 11 11 true 360 12 11 true 435 13 18 true 550
driver 13 6 1 14 24 true 145 15 24 true 205 16 23 true 305 17 23 true 380 18 15 true 495 2 23 false 570
driver 14 5 1 19 10 true 350 20 10 true 410 21 24 true 490 3 23 false 645 22 23 true 735
driver 15 7 0 23 13 true 510 24 13 true 600 25 21 true 685 26 2 true 765 27 2 true 840 28 2 true 900 29 2 true 960
driver 16 6 1 39 16 true 65 9 13 false 210 40 17 true 305 17 23 false 380 41 2 true 510 42 2 true 570
driver 17 6 0 43 24 true 610 44 24 true 725 45 18 true 785 46 18 true 860 47 23 true 995 48 23 true 1070
driver 18 6 1 49 19 true 485 24 13 false 600 50 15 true 665 51 10 true 755 52 10 true 815 53 20 true 945
driver 19 5 0 63 3 true 260 64 3 true 335 21 24 false 490 65 22 true 610 66 22 true 670
driver 20 5 0 70 5 true 265 71 19 true 340 18 15 false 495 72 15 true 555 50 15 false 665
driver 21 6 0 73 6 true 560 66 22 false 670 74 8 true 745 57 6 false 850 75 3 true 910 76 3 true 970
driver 22 5 1 81 12 true 355 82 12 true 415 73 6 false 560 83 6 true 635 56 6 false 790
driver 23 6 1 86 8 true 610 22 23 false 735 87 23 true 860 88 17 true 920 89 17 true 980 90 17 true 1040
driver 24 5 0 94 3 true 410 95 3 true 485 96 14 true 625 92 13 false 775 97 0 true 835
driver 25 5 0 98 10 true 290 49 19 false 485 99 22 true 550 100 2 true 630 101 2 true 690
driver 26 4 0 105 11 true 240 30 13 false 415 106 10 true 485 83 6 false 635
driver 27 6 0 110 12 true 220 111 12 true 295 85 23 false 445 112 10 true 560 113 10 true 620 114 10 true 680
driver 28 7 0 120 14 true 475 121 14 true 550 122 4 true 665 123 4 true 740 108 20 false 805 124 10 true 875 125 10 true 935
driver 29 6 1 126 22 true 220 127 22 true 280 128 22 true 340 129 22 true 400 130 22 true 475 131 21 true 625
driver 30 6 0 132 1 true 595 133 1 true 670 134 24 true 785 135 24 true 860 136 24 true 935 137 24 true 1010
driver 31 6 1 138 23 true 170 139 23 true 230 140 16 true 365 141 16 true 425 142 16 true 485 143 16 true 560
driver 32 4 0 144 16 true 125 145 16 true 185 146 16 true 245 147 16 true 305
driver 33 2 1 148 24 true 25 149 24 true 85
