//The mini cost is including :3171330.0
//The fixed cost for vehicle and driver :3036000.0
//The idle cost for vehicle and driver :132390.0
//The idle cost for all drivers :6890.0
//THe idle cost for all vehicles 125500.0
//The changeover cost for all drivers: 2940.0
//Routes for all vehicles: idVehicle nbTripsInRoutes  [idTrip departureTime]
vehicle 0 11 0 7 30 8 105 9 190 0 410 1 490 2 600 3 675 4 775 108 835 124 905 125 965 0
vehicle 1 1 0 21 520 1
vehicle 2 1 0 21 520 1
vehicle 3 7 0 23 510 24 620 25 690 26 770 27 870 28 930 29 990 0
vehicle 4 7 0 23 510 31 590 32 705 33 810 69 875 75 940 76 1000 0
vehicle 5 6 0 34 495 35 555 32 705 36 815 37 900 38 960 0
vehicle 6 6 0 63 230 64 310 120 480 121 555 122 655 123 750 1
vehicle 7 8 0 70 280 71 370 49 455 24 620 60 705 36 815 61 880 62 940 0
vehicle 8 4 0 73 565 66 675 74 780 57 870 0
vehicle 9 2 0 73 565 83 650 0
vehicle 10 10 0 78 325 117 390 118 460 119 520 43 630 44 715 45 800 46 880 47 980 48 1055 0
vehicle 11 1 0 91 525 1
vehicle 12 7 0 98 280 30 385 54 460 55 575 44 715 56 795 57 870 0
vehicle 13 2 0 107 555 104 745 1
vehicle 14 11 0 110 190 111 300 19 370 20 430 130 505 131 595 50 695 51 780 52 840 53 925 109 1035 0
vehicle 15 11 0 115 30 116 140 105 225 10 290 11 360 12 465 13 525 96 620 92 780 5 840 6 900 1
vehicle 16 8 0 144 115 145 180 146 270 147 335 94 400 95 485 132 565 133 645 0
vehicle 17 12 1 14 145 15 215 16 320 17 410 18 495 2 600 68 675 22 765 87 855 88 945 89 1010 90 1070 1
vehicle 18 4 1 18 495 72 585 3 675 104 745 1
vehicle 19 10 1 39 85 9 190 0 410 58 475 59 560 43 630 60 705 92 780 87 855 93 920 0
vehicle 20 7 1 40 275 17 410 41 480 42 545 86 610 22 765 108 835 0
vehicle 21 4 1 49 455 99 530 100 610 101 670 0
vehicle 22 6 1 77 95 15 215 78 325 141 405 142 485 143 570 1
vehicle 23 4 1 81 325 82 415 79 495 80 570 1
vehicle 24 8 1 84 215 71 370 85 450 72 585 50 695 56 795 97 865 53 925 1
vehicle 25 4 1 85 450 112 540 113 605 114 665 0
vehicle 26 9 1 102 275 54 460 103 540 65 600 66 675 134 765 135 885 136 960 137 1040 0
vehicle 27 8 1 126 200 127 275 128 350 129 410 67 485 55 575 68 675 33 810 1
vehicle 28 8 1 148 45 149 105 138 180 139 250 140 325 30 385 106 455 83 650 0
//Schedules for all drivers: idDriver nbTripsInRoutes  [idTrip idVehicle status departureTime]
driver 0 7 1 0 19 true 410 1 0 true 490 2 17 true 600 3 18 true 675 4 0 true 775 5 15 true 840 6 15 true 900
driver 1 5 1 30 28 true 385 23 4 false 510 31 4 true 590 32 5 true 705 33 27 true 810
driver 2 6 0 34 5 true 495 35 5 true 555 32 5 false 705 36 7 true 815 37 5 true 900 38 5 true 960
driver 3 5 0 54 26 true 460 55 27 true 575 44 12 false 715 56 24 true 795 57 12 true 870
driver 4 7 0 58 19 true 475 59 19 true 560 43 19 false 630 60 19 true 705 36 7 false 815 61 7 true 880 62 7 true 940
driver 5 5 0 67 27 true 485 55 27 false 575 68 27 true 675 33 27 false 810 69 4 true 875
driver 6 4 1 84 24 true 215 71 24 false 370 85 25 true 450 72 24 false 585
driver 7 5 0 91 11 true 525 60 19 false 705 92 19 true 780 87 19 false 855 93 19 true 920
driver 8 5 1 102 26 true 275 54 26 false 460 103 26 true 540 68 27 false 675 104 18 true 745
driver 9 6 0 115 15 true 30 116 15 true 140 78 22 false 325 117 10 true 390 118 10 true 460 119 10 true 520
driver 10 6 1 77 22 true 95 15 22 false 215 78 22 true 325 0 19 false 410 79 23 true 495 80 23 true 570
driver 11 5 0 107 13 true 555 104 18 false 745 108 20 true 835 53 24 false 925 109 14 true 1035
driver 12 7 0 7 0 true 30 8 0 true 105 9 19 true 190 10 15 true 290 11 15 true 360 12 15 true 465 13 15 true 525
driver 13 6 1 14 17 true 145 15 22 true 215 16 17 true 320 17 20 true 410 18 18 true 495 2 17 false 600
driver 14 5 1 19 14 true 370 20 14 true 430 21 2 true 520 3 18 false 675 22 20 true 765
driver 15 7 0 23 4 true 510 24 7 true 620 25 3 true 690 26 3 true 770 27 3 true 870 28 3 true 930 29 3 true 990
driver 16 6 1 39 19 true 85 9 19 false 190 40 20 true 275 17 20 false 410 41 20 true 480 42 20 true 545
driver 17 6 0 43 19 true 630 44 12 true 715 45 10 true 800 46 10 true 880 47 10 true 980 48 10 true 1055
driver 18 6 1 49 21 true 455 24 7 false 620 50 24 true 695 51 14 true 780 52 14 true 840 53 24 true 925
driver 19 5 0 63 6 true 230 64 6 true 310 21 2 false 520 65 26 true 600 66 26 true 675
driver 20 5 0 70 7 true 280 71 24 true 370 18 18 false 495 72 24 true 585 50 24 false 695
driver 21 6 0 73 9 true 565 66 26 false 675 74 8 true 780 57 12 false 870 75 4 true 940 76 4 true 1000
driver 22 5 1 81 23 true 325 82 23 true 415 73 9 false 565 83 28 true 650 56 24 false 795
driver 23 6 1 86 20 true 610 22 20 false 765 87 19 true 855 88 17 true 945 89 17 true 1010 90 17 true 1070
driver 24 5 0 94 16 true 400 95 16 true 485 96 15 true 620 92 19 false 780 97 24 true 865
driver 25 5 0 98 12 true 280 49 21 false 455 99 21 true 530 100 21 true 610 101 21 true 670
driver 26 4 0 105 15 true 225 30 28 false 385 106 28 true 455 83 28 false 650
driver 27 6 0 110 14 true 190 111 14 true 300 85 25 false 450 112 25 true 540 113 25 true 605 114 25 true 665
driver 28 7 0 120 6 true 480 121 6 true 555 122 6 true 655 123 6 true 750 108 20 false 835 124 0 true 905 125 0 true 965
driver 29 6 1 126 27 true 200 127 27 true 275 128 27 true 350 129 27 true 410 130 14 true 505 131 14 true 595
driver 30 6 0 132 16 true 565 133 16 true 645 134 26 true 765 135 26 true 885 136 26 true 960 137 26 true 1040
driver 31 6 1 138 28 true 180 139 28 true 250 140 28 true 325 141 22 true 405 142 22 true 485 143 22 true 570
driver 32 4 0 144 16 true 115 145 16 true 180 146 16 true 270 147 16 true 335
driver 33 2 1 148 28 true 45 149 28 true 105
