//Here is the changeover for driver idOfDriver idOfShift idOfFirst(or idOfSecond)Trip
//Here are the total idle time per driver: 192.14285714285714
//Here are the cost 
The total cost is 1512490
The cost for idle time is 56490
The cost for driver ChangOver is 0
//One feasible solution vehicle (Driver): idVehicle(idDriver)  idOfDepot  indexOfDepotAsStartingPoint  idOfTrip startTime indexOfDepotAsEndingPoint
vehicle 0 1 101 0 455 1 495 2 555 3 640 4 755 5 840 6 900 7 965 103
vehicle 1 1 101 8 690 9 760 10 870 11 970 12 1025 13 1100 14 1175 103
vehicle 2 0 100 15 520 16 575 17 660 18 740 19 800 20 870 21 930 22 1010 102
vehicle 3 1 101 23 670 24 755 25 850 26 905 27 985 28 1095 29 1170 103
vehicle 4 0 100 30 560 31 685 32 750 33 785 34 860 35 940 36 1025 37 1060 102
vehicle 5 1 101 38 315 39 350 40 450 41 555 42 605 43 675 44 735 45 795 103
vehicle 6 1 101 46 550 47 610 48 670 49 750 50 830 51 915 52 990 53 1040 103
vehicle 7 1 101 54 660 55 780 56 885 57 925 58 1010 59 1075 60 1130 103
vehicle 8 0 100 61 395 62 465 63 555 64 705 65 805 66 845 67 880 102
vehicle 9 0 100 68 190 69 270 70 320 71 385 72 495 73 560 74 620 75 680 102
vehicle 10 0 100 76 385 77 435 78 515 79 625 80 710 81 770 82 825 83 875 102
vehicle 11 0 100 84 510 85 585 86 640 87 695 88 785 89 880 90 1000 102
vehicle 12 0 100 91 445 92 550 93 655 94 715 95 795 96 940 102
vehicle 13 0 100 97 175 98 235 99 285 102
driver 0 1 101 0 455 1 495 2 555 3 640 4 755 5 840 6 900 7 965 103
driver 1 1 101 8 690 9 760 10 870 11 970 12 1025 13 1100 14 1175 103
driver 2 0 100 15 520 16 575 17 660 18 740 19 800 20 870 21 930 22 1010 102
driver 3 1 101 23 670 24 755 25 850 26 905 27 985 28 1095 29 1170 103
driver 4 0 100 30 560 31 685 32 750 33 785 34 860 35 940 36 1025 37 1060 102
driver 5 1 101 38 315 39 350 40 450 41 555 42 605 43 675 44 735 45 795 103
driver 6 1 101 46 550 47 610 48 670 49 750 50 830 51 915 52 990 53 1040 103
driver 7 1 101 54 660 55 780 56 885 57 925 58 1010 59 1075 60 1130 103
driver 8 0 100 61 395 62 465 63 555 64 705 65 805 66 845 67 880 102
driver 9 0 100 68 190 69 270 70 320 71 385 72 495 73 560 74 620 75 680 102
driver 10 0 100 76 385 77 435 78 515 79 625 80 710 81 770 82 825 83 875 102
driver 11 0 100 84 510 85 585 86 640 87 695 88 785 89 880 90 1000 102
driver 12 0 100 91 445 92 550 93 655 94 715 95 795 96 940 102
driver 13 0 100 97 175 98 235 99 285 102
