//Here is the changeover for driver idOfDriver idOfShift idOfFirst(or idOfSecond)Trip
//Here are the total idle time per driver: 226.75
//Here are the cost 
The total cost is 2175235
The cost for idle time is 94035
The cost for driver ChangOver is 1200
//One feasible solution vehicle (Driver): idVehicle(idDriver)  idOfDepot  indexOfDepotAsStartingPoint  idOfTrip startTime indexOfDepotAsEndingPoint
vehicle 0 1 101 0 455 1 495 2 555 3 640 4 755 5 840 6 900 7 965 103
vehicle 1 1 101 8 690 9 760 10 870 7 965 11 1040 12 1110 13 1160 103
vehicle 2 0 100 14 295 15 395 16 450 17 550 18 700 19 750 20 800 102
vehicle 3 0 100 21 250 22 325 16 450 23 545 8 690 102
vehicle 4 0 100 24 220 15 395 25 435 26 500 27 620 28 705 102
vehicle 5 0 100 29 550 30 615 9 760 31 890 32 1020 102
vehicle 6 0 100 33 690 34 780 35 865 32 1020 36 1090 37 1160 102
vehicle 7 1 101 38 695 39 745 40 825 11 1040 41 1120 42 1180 43 1215 103
vehicle 8 1 101 44 240 45 325 2 555 46 620 47 690 48 755 103
vehicle 9 1 101 49 380 50 470 3 640 51 755 52 860 53 895 103
vehicle 10 0 100 54 360 55 415 29 550 56 625 34 780 102
vehicle 11 0 100 57 500 56 625 58 730 35 865 59 935 102
vehicle 12 0 100 60 415 61 475 62 555 38 695 63 750 64 830 65 910 102
vehicle 13 1 101 66 640 58 730 67 805 68 925 69 1025 70 1090 103
vehicle 14 1 101 71 695 67 805 72 920 70 1090 73 1155 74 1190 103
vehicle 15 0 100 75 470 66 640 76 725 77 780 78 865 79 920 80 970 102
vehicle 16 0 100 81 240 82 295 50 470 83 560 84 615 85 675 102
vehicle 17 0 100 86 60 87 185 88 235 60 415 89 470 102
vehicle 18 1 101 90 625 91 725 92 785 93 830 94 895 69 1025 95 1085 96 1135 103
vehicle 19 1 101 97 457 98 517 99 612 103
driver 0 1 101 0 455 1 495 2 555 3 640 4 755 5 840 6 900 7 965 103
driver 1 1 101 8 690 9 760 10 870 7 965 11 1040 12 1110 13 1160 103
driver 2 0 100 14 295 15 395 16 450 17 550 18 700 19 750 20 800 102
driver 3 0 100 21 250 22 325 16 450 23 545 8 690 102
driver 4 0 100 24 220 15 395 25 435 26 500 27 620 28 705 102
driver 5 0 100 29 550 30 615 9 760 31 890 32 1020 102
driver 6 0 100 33 690 34 780 35 865 32 1020 36 1090 37 1160 102
driver 7 1 101 38 695 39 745 40 825 11 1040 41 1120 42 1180 43 1215 103
driver 8 1 101 44 240 45 325 2 555 46 620 47 690 48 755 103
driver 9 1 101 49 380 50 470 3 640 51 755 52 860 53 895 103
driver 10 0 100 54 360 55 415 29 550 56 625 34 780 102
driver 11 0 100 57 500 56 625 58 730 35 865 59 935 102
driver 12 0 100 60 415 61 475 62 555 38 695 63 750 64 830 65 910 102
driver 13 1 101 66 640 58 730 67 805 68 925 69 1025 70 1090 103
driver 14 1 101 71 695 67 805 72 920 70 1090 73 1155 74 1190 103
driver 15 0 100 75 470 66 640 76 725 77 780 78 865 79 920 80 970 102
driver 16 0 100 81 240 82 295 50 470 83 560 84 615 85 675 102
driver 17 0 100 86 60 87 185 88 235 60 415 89 470 102
driver 18 1 101 90 625 91 725 92 785 93 830 94 895 69 1025 95 1085 96 1135 103
driver 19 1 101 97 457 98 517 99 612 103
