// The instance basic information 
nbCities:3; nbDepots:2; size:90 90;nbTrips:150;nbCombinedTrips37;maxFolderTimeSlotAsTimeWindow6;planningHorizon:0-1440;maxDriving:540;maxWorking:720
// The number of cities is 
3
// The number of depots is 
2
// The max number of vehicles is 
34
// The max number of drivers is 
34
// The number of trips is 
150
// The minPlanTime is 
15
// The short Time for driver is 
20
// The short Time for vehicle is 
20
// The maximum driving time is 
540
// The maximum working time is 
720
// The cost of using driver is 
4000
// The cost of using vehicle is 
100000
// The idle time cost for driver per unit is 
1
// The idle time cost for vehicle per unit is 
20
// The cost of driver changeover penalty per change is 
30
// The max percentage of combined trips is  
0.25
//The maxFolderOfTimeSlotAsTimeWindow is 
6
// The maxPlanTime is 
720
//The time slot Unit is 
5
//The scale of distance and duration is 
0.99
//The start time of planning horizon
0
//The ending time of planning horizon
1440

//Here are the cities: idOfCity 	 nameOfCity 	 coordinateX 	 coordinateY 
0 C0 80 25
1 C1 78 86
2 C2 45 57
//Depots:  
// idOfDepot  	 indexOfDepotAsStartingPoint 	 indexOfDepotAsEndingPoint 	 idCityAsDepot
0 150 152 1
1 151 153 2
//Trips: idOfTrip 	 idOfStartCity 	 idEndCity	 earliestDepartureTime 	 latestDepartureTime 	 nbCombinedVehicleInThisTrip 	 duration
0 2 1 380 440 2 45
1 1 0 460 520 1 60
2 0 2 570 630 2 45
3 2 0 645 705 2 45
4 0 2 745 805 1 45
5 2 0 810 870 1 45
6 0 2 870 930 1 45
7 1 0 0 60 1 60
8 0 1 75 135 1 60
9 1 2 160 220 2 45
10 2 0 260 320 1 45
11 0 1 360 420 1 60
12 1 2 435 495 1 45
13 2 1 495 555 1 45
14 2 0 115 175 1 45
15 0 1 205 265 2 60
16 1 0 290 350 1 60
17 0 2 380 440 2 45
18 2 0 465 525 2 45
19 2 0 335 395 1 45
20 0 1 400 460 1 60
21 1 2 490 550 2 45
22 0 2 735 795 2 45
23 1 0 480 540 2 60
24 0 2 590 650 2 45
25 2 1 660 720 1 45
26 1 0 725 785 1 60
27 0 2 840 900 1 45
28 2 0 900 960 1 45
29 0 1 960 1020 1 60
30 2 1 355 415 2 45
31 0 1 560 620 1 60
32 1 0 675 735 2 60
33 0 2 780 840 2 45
34 1 2 465 525 1 45
35 2 1 525 585 1 45
36 0 2 785 845 2 45
37 2 0 870 930 1 45
38 0 1 930 990 1 60
39 2 1 25 85 1 45
40 2 0 245 305 1 45
41 2 0 450 510 1 45
42 0 2 515 575 1 45
43 1 2 600 660 2 45
44 2 1 685 745 2 45
45 1 0 770 830 1 60
46 0 1 850 910 1 60
47 1 0 950 1010 1 60
48 0 1 1035 1095 1 60
49 2 0 425 485 2 45
50 2 1 665 725 2 45
51 1 2 750 810 1 45
52 2 1 810 870 1 45
53 1 2 910 970 2 45
54 1 0 430 490 2 60
55 0 2 545 605 2 45
56 1 2 765 825 2 45
57 2 1 840 900 2 45
58 1 2 445 505 1 45
59 2 1 530 590 1 45
60 2 0 675 735 2 45
61 2 0 850 910 1 45
62 0 1 910 970 1 60
63 1 0 200 260 1 60
64 0 1 280 340 1 60
65 2 0 555 615 1 45
66 0 1 645 705 2 60
67 1 0 455 515 1 60
68 2 0 645 705 2 45
69 2 1 845 905 1 45
70 1 0 225 285 1 60
71 0 2 340 400 2 45
72 0 2 555 615 2 45
73 1 0 535 595 2 60
74 1 2 745 805 1 45
75 1 2 910 970 1 45
76 2 1 970 1030 1 45
77 2 0 65 125 1 45
78 1 2 295 355 2 45
79 1 0 465 525 1 60
80 0 2 540 600 1 45
81 2 0 295 355 1 45
82 0 1 380 440 1 60
83 0 1 620 680 2 60
84 2 0 185 245 1 45
85 2 0 420 480 2 45
86 2 0 550 610 1 45
87 2 0 825 885 2 45
88 0 2 915 975 1 45
89 2 0 980 1040 1 45
90 0 2 1040 1100 1 45
91 1 2 495 555 1 45
92 0 2 750 810 2 45
93 0 1 890 950 1 60
94 1 0 370 430 1 60
95 0 1 455 515 1 60
96 1 0 565 625 1 60
97 2 1 835 895 1 45
98 1 2 230 290 1 45
99 0 2 500 560 1 45
100 2 0 580 640 1 45
101 0 1 640 700 1 60
102 2 1 245 305 1 45
103 0 2 510 570 1 45
104 0 2 715 775 2 45
105 1 2 180 240 1 45
106 1 0 425 485 1 60
107 1 0 525 585 1 60
108 2 1 805 865 2 45
109 2 1 1005 1065 1 45
110 1 0 160 220 1 60
111 0 2 240 300 1 45
112 0 2 510 570 1 45
113 2 0 575 635 1 45
114 0 1 635 695 1 60
115 1 0 0 60 1 60
116 0 1 110 170 1 60
117 2 1 360 420 1 45
118 1 2 430 490 1 45
119 2 1 490 550 1 45
120 1 0 445 505 1 60
121 0 1 525 585 1 60
122 1 0 625 685 1 60
123 0 2 720 780 1 45
124 1 2 875 935 1 45
125 2 1 935 995 1 45
126 2 1 160 220 1 45
127 1 2 245 305 1 45
128 2 0 320 380 1 45
129 0 1 380 440 1 60
130 1 0 475 535 1 60
131 0 2 565 625 1 45
132 1 0 535 595 1 60
133 0 1 645 705 1 60
134 1 0 735 795 1 60
135 0 1 855 915 1 60
136 1 0 930 990 1 60
137 0 1 1010 1070 1 60
138 2 0 150 210 1 45
139 0 1 220 280 1 60
140 1 2 310 370 1 45
141 2 1 375 435 1 45
142 1 0 455 515 1 60
143 0 2 540 600 1 45
144 1 2 75 135 1 45
145 2 0 150 210 1 45
146 0 2 240 300 1 45
147 2 1 305 365 1 45
148 2 1 15 75 1 45
149 1 2 80 140 1 45
//Vehicles: idOfVehicle idOfStartingDepot nbTrips
0 -1 150
1 -1 150
2 -1 150
3 -1 150
4 -1 150
5 -1 150
6 -1 150
7 -1 150
8 -1 150
9 -1 150
10 -1 150
11 -1 150
12 -1 150
13 -1 150
14 -1 150
15 -1 150
16 -1 150
17 -1 150
18 -1 150
19 -1 150
20 -1 150
21 -1 150
22 -1 150
23 -1 150
24 -1 150
25 -1 150
26 -1 150
27 -1 150
28 -1 150
29 -1 150
30 -1 150
31 -1 150
32 -1 150
33 -1 150
//Drivers :idOfDriver idOfStartingDepot idOfEndingDepot nbTrips
0 -1 150
1 -1 150
2 -1 150
3 -1 150
4 -1 150
5 -1 150
6 -1 150
7 -1 150
8 -1 150
9 -1 150
10 -1 150
11 -1 150
12 -1 150
13 -1 150
14 -1 150
15 -1 150
16 -1 150
17 -1 150
18 -1 150
19 -1 150
20 -1 150
21 -1 150
22 -1 150
23 -1 150
24 -1 150
25 -1 150
26 -1 150
27 -1 150
28 -1 150
29 -1 150
30 -1 150
31 -1 150
32 -1 150
33 -1 150
