// The instance basic information 
nbCities:5; nbDepots:2; size:180 180;nbTrips:50;nbCombinedTrips1;planningHorizon:0-1440;maxDriving:540;maxWorking:720
// The number of cities is 
5
// The number of depots is 
2
// The max number of vehicles is 
9
// The max number of drivers is 
9
// The number of trips is 
50
// The minPlanTime is 
15
// The short Time for driver is 
20
// The short Time for vehicle is 
20
// The maximum driving time is 
540
// The maximum working time is 
720
// The cost of using driver is 
4000
// The cost of using vehicle is 
100000
// The cost of driver changeover penalty per change is 
30
// The max percentage of combined trips is  
0.03
// The maxPlanTime is 
720

//Here are the cities: idOfCity 	 nameOfCity 	 coordinateX 	 coordinateY 
0 C0 132 25
1 C1 88 121
2 C2 95 55
3 C3 78 86
4 C4 113 57
//Depots:  
// idOfDepot  	 indexOfDepotAsStartingPoint 	 indexOfDepotAsEndingPoint 	 idCityAsDepot
0 50 52 3
1 51 53 4
//Trips: idOfTrip 	 idOfStartCity 	 idEndCity	 departureTime 	 arrivalTime 	 nbCombinedVehicleInThisTrip
0 4 2 458 476 1
1 2 3 496 531 1
2 3 4 560 605 1
3 4 1 647 715 1
4 1 4 769 837 1
5 4 3 859 904 1
6 3 2 920 955 1
7 2 4 977 995 2
8 4 3 694 739 1
9 3 0 765 846 1
10 0 2 879 926 1
11 4 3 1054 1099 1
12 3 4 1153 1198 1
13 4 1 588 656 1
14 1 4 689 757 1
15 4 2 812 830 1
16 2 0 869 916 1
17 0 1 939 1044 1
18 1 4 1059 1127 1
19 3 2 51 86 1
20 2 1 137 203 1
21 1 3 256 292 1
22 3 4 340 385 1
23 4 2 427 445 1
24 2 3 474 509 1
25 4 0 6 43 1
26 0 3 69 150 1
27 3 4 197 242 1
28 4 0 259 296 1
29 0 2 353 400 1
30 2 0 434 481 1
31 0 4 507 544 1
32 4 2 227 245 1
33 2 1 267 333 1
34 1 4 356 424 1
35 4 3 469 514 1
36 3 4 558 603 1
37 4 0 638 675 1
38 0 4 708 745 1
39 4 2 697 715 1
40 2 1 746 812 1
41 1 4 830 898 1
42 4 0 918 955 1
43 0 1 1013 1118 1
44 1 4 1145 1213 1
45 4 3 183 228 1
46 3 1 276 312 1
47 1 4 359 427 1
48 3 0 254 335 1
49 0 3 353 434 1
//Vehicles: idOfVehicle idOfStartingDepot nbTrips
0 -1 50
1 -1 50
2 -1 50
3 -1 50
4 -1 50
5 -1 50
6 -1 50
7 -1 50
8 -1 50
//Drivers :idOfDriver idOfStartingDepot idOfEndingDepot nbTrips
0 -1 50
1 -1 50
2 -1 50
3 -1 50
4 -1 50
5 -1 50
6 -1 50
7 -1 50
8 -1 50
//Graph arcs for trips can be performed successively: 
// idStartTrip idEndTrip costForVehicle costForDriver
0 1 400 20
0 7 2400 501
0 16 7860 393
0 40 5400 270
1 2 580 29
1 6 7780 389
1 9 4680 234
1 12 2400 622
1 36 540 27
2 3 840 42
2 5 2400 254
2 8 1780 89
2 11 2400 449
2 15 4140 207
2 37 660 33
2 39 1840 92
2 42 6260 313
3 4 1080 54
3 18 2400 344
3 41 2300 115
3 44 2400 430
4 5 440 22
4 11 2400 217
4 42 1620 81
5 6 320 16
5 12 2400 249
6 7 440 22
7 11 1180 59
8 6 3620 181
8 9 520 26
8 12 2400 414
9 10 660 33
9 17 1860 93
9 43 3340 167
10 7 1020 51
11 12 1080 54
13 4 2260 113
13 14 660 33
13 18 2400 403
13 41 2400 174
13 44 2400 489
14 5 2040 102
14 11 2400 297
14 15 1100 55
14 42 3220 161
15 7 2400 147
15 16 780 39
16 17 460 23
16 43 1940 97
17 18 300 15
17 44 2020 101
19 1 2400 410
19 20 1020 51
19 24 2400 388
19 30 6960 348
19 33 3620 181
19 40 13200 660
20 4 2400 566
20 14 2400 486
20 21 1060 53
20 34 2400 153
20 41 2400 627
20 47 2400 156
21 2 2400 268
21 6 12560 628
21 9 9460 473
21 22 960 48
21 36 2400 266
22 0 1460 73
22 3 5240 262
22 5 2400 474
22 8 2400 309
22 11 2400 669
22 13 4060 203
22 15 8540 427
22 23 840 42
22 35 1680 84
22 37 5060 253
22 39 6240 312
22 42 10660 533
23 1 1020 51
23 7 2400 532
23 16 8480 424
23 24 580 29
23 40 6020 301
24 2 1020 51
24 6 8220 411
24 9 5120 256
24 12 2400 644
24 36 980 49
25 26 520 26
25 29 6200 310
25 31 2400 464
25 38 2400 665
25 49 2400 310
26 2 2400 410
26 9 12300 615
26 22 2400 190
26 27 940 47
26 36 2400 408
26 46 2520 126
26 48 2080 104
27 0 4320 216
27 3 8100 405
27 5 2400 617
27 8 2400 452
27 13 6920 346
27 15 11400 570
27 23 3700 185
27 28 340 17
27 35 2400 227
27 37 7920 396
27 39 9100 455
27 42 13520 676
28 10 11660 583
28 17 12860 643
28 29 1140 57
28 31 2400 211
28 38 2400 412
28 43 14340 717
28 49 1140 57
29 1 1920 96
29 7 2400 577
29 16 9380 469
29 24 1480 74
29 30 680 34
29 40 6920 346
30 10 7960 398
30 17 9160 458
30 31 520 26
30 38 2400 227
30 43 10640 532
31 3 2060 103
31 5 2400 315
31 8 2400 150
31 11 2400 510
31 13 880 44
31 15 5360 268
31 37 1880 94
31 39 3060 153
31 42 7480 374
32 1 2400 251
32 16 12480 624
32 24 2400 229
32 30 3780 189
32 33 440 22
32 40 10020 501
33 4 2400 436
33 14 2400 356
33 34 460 23
33 41 2400 497
33 47 520 26
34 0 680 34
34 3 4460 223
34 5 2400 435
34 8 2400 270
34 11 2400 630
34 13 3280 164
34 15 7760 388
34 35 900 45
34 37 4280 214
34 39 5460 273
34 42 9880 494
35 2 920 46
35 6 8120 406
35 9 5020 251
35 12 2400 639
35 36 880 44
36 3 880 44
36 5 2400 256
36 8 1820 91
36 11 2400 451
36 15 4180 209
36 37 700 35
36 39 1880 94
36 42 6300 315
37 10 4080 204
37 17 5280 264
37 38 660 33
37 43 6760 338
38 5 2280 114
38 11 2400 309
38 15 1340 67
38 42 3460 173
39 7 2400 262
39 16 3080 154
39 40 620 31
40 18 2400 247
40 41 360 18
40 44 2400 333
41 11 2400 156
41 42 400 20
42 43 1160 58
43 44 540 27
45 2 2400 332
45 6 13840 692
45 9 10740 537
45 22 2240 112
45 36 2400 330
45 46 960 48
45 48 520 26
46 4 2400 457
46 14 2400 377
46 34 880 44
46 41 2400 518
46 47 940 47
47 0 620 31
47 3 4400 220
47 5 2400 432
47 8 2400 267
47 11 2400 627
47 13 3220 161
47 15 7700 385
47 35 840 42
47 37 4220 211
47 39 5400 270
47 42 9820 491
48 10 10880 544
48 17 12080 604
48 29 360 18
48 31 2400 172
48 38 2400 373
48 43 13560 678
48 49 360 18
49 2 2400 126
49 6 9720 486
49 9 6620 331
49 12 2400 719
49 36 2400 124
