// The instance basic information 
nbCities:5; nbDepots:2; size:180 180;nbTrips:200;nbCombinedTrips30;planningHorizon:0-2880;maxDriving:540;maxWorking:720
// The number of cities is 
5
// The number of depots is 
2
// The max number of vehicles is 
37
// The max number of drivers is 
37
// The number of trips is 
200
// The minPlanTime is 
15
// The short Time for driver is 
20
// The short Time for vehicle is 
20
// The maximum driving time is 
540
// The maximum working time is 
720
// The cost of using driver is 
4000
// The cost of using vehicle is 
100000
// The cost of driver changeover penalty per change is 
30
// The max percentage of combined trips is  
0.15
// The maxPlanTime is 
720

//Here are the cities: idOfCity 	 nameOfCity 	 coordinateX 	 coordinateY 
0 C0 132 25
1 C1 88 121
2 C2 95 55
3 C3 78 86
4 C4 113 57
//Depots:  
// idOfDepot  	 indexOfDepotAsStartingPoint 	 indexOfDepotAsEndingPoint 	 idCityAsDepot
0 200 202 3
1 201 203 4
//Trips: idOfTrip 	 idOfStartCity 	 idEndCity	 departureTime 	 arrivalTime 	 nbCombinedVehicleInThisTrip
0 4 2 1376 1394 1
1 2 3 1414 1449 1
2 3 4 1478 1523 2
3 4 1 1565 1633 1
4 1 4 1687 1755 2
5 4 3 1777 1822 1
6 3 2 1838 1873 1
7 2 4 1895 1913 2
8 4 3 2083 2128 2
9 3 0 2154 2235 1
10 0 2 2268 2315 1
11 2 4 2373 2391 2
12 4 2 2427 2445 2
13 2 3 2504 2539 1
14 3 4 2573 2618 1
15 3 1 1567 1603 1
16 4 0 1797 1834 1
17 0 1 1893 1998 1
18 1 3 2043 2079 1
19 3 2 154 189 2
20 2 1 240 306 1
21 1 3 359 395 2
22 3 4 443 488 2
23 4 2 530 548 2
24 2 3 577 612 2
25 4 0 20 57 1
26 0 3 83 164 1
27 3 4 211 256 1
28 4 0 273 310 1
29 0 2 367 414 1
30 2 0 448 495 2
31 0 4 521 558 2
32 4 2 683 701 2
33 2 1 723 789 2
34 1 4 812 880 1
35 4 3 925 970 2
36 3 4 1014 1059 2
37 4 0 1094 1131 1
38 0 4 1164 1201 1
39 4 2 2093 2111 1
40 2 1 2142 2208 1
41 1 4 2226 2294 1
42 2 0 2484 2531 1
43 0 4 2567 2604 1
44 4 3 1083 1128 2
45 3 1 1158 1194 1
46 1 3 1247 1283 1
47 3 0 1306 1387 1
48 0 1 1413 1518 2
49 1 4 1553 1621 1
50 3 4 665 710 2
51 4 2 738 756 2
52 2 1 783 849 2
53 1 4 898 966 1
54 3 2 2111 2146 1
55 2 1 2183 2249 1
56 1 3 2286 2322 1
57 3 0 2353 2434 1
58 0 2 2473 2520 1
59 2 3 2549 2584 1
60 4 2 1598 1616 1
61 2 1 1641 1707 1
62 1 2 1726 1792 1
63 4 0 1956 1993 1
64 0 4 2019 2056 2
65 4 2 2083 2101 1
66 2 4 2117 2135 1
67 3 2 367 402 1
68 0 3 549 630 1
69 4 2 731 749 1
70 1 3 870 906 1
71 4 3 1325 1370 1
72 4 3 1570 1615 1
73 3 2 1643 1678 1
74 2 4 1726 1744 2
75 4 0 1766 1803 2
76 0 4 1825 1862 2
77 3 4 2003 2048 2
78 3 4 2174 2219 1
79 4 2 2257 2275 1
80 4 2 2416 2434 1
81 2 4 2461 2479 1
82 4 3 2496 2541 1
83 3 2 462 497 1
84 3 2 642 677 1
85 1 3 813 849 1
86 3 1 884 920 2
87 1 3 944 980 1
88 3 1 1528 1564 1
89 1 4 1619 1687 1
90 0 4 1827 1864 1
91 4 2 1911 1929 1
92 2 1 1945 2011 1
93 1 3 2031 2067 1
94 4 3 87 132 1
95 2 1 219 285 1
96 3 4 440 485 2
97 2 4 583 601 1
98 3 2 1444 1479 1
99 2 1 1533 1599 1
100 1 2 1624 1690 1
101 4 3 1788 1833 1
102 3 1 1872 1908 1
103 1 3 1938 1974 1
104 3 4 539 584 1
105 2 3 757 792 1
106 1 2 953 1019 1
107 2 3 1040 1075 1
108 3 4 1578 1623 1
109 4 2 1671 1689 1
110 2 0 1704 1751 1
111 4 3 1891 1936 1
112 4 3 2070 2115 1
113 3 0 1244 1325 2
114 1 0 1551 1656 1
115 0 4 1677 1714 1
116 4 3 1737 1782 1
117 3 4 1036 1081 1
118 4 3 1104 1149 1
119 0 3 1380 1461 1
120 3 1 1480 1516 1
121 1 3 1536 1572 1
122 4 0 149 186 1
123 0 3 237 318 1
124 4 3 543 588 1
125 3 4 617 662 1
126 4 3 643 688 1
127 3 4 746 791 1
128 3 1 995 1031 1
129 1 2 1046 1112 1
130 2 4 1133 1151 1
131 4 3 289 334 1
132 4 1 512 580 1
133 1 4 613 681 1
134 2 4 786 804 1
135 3 4 670 715 1
136 4 3 740 785 1
137 3 2 826 861 1
138 2 4 889 907 1
139 4 3 946 991 1
140 4 3 1085 1130 1
141 4 0 1840 1877 1
142 4 1 2091 2159 1
143 1 3 2202 2238 1
144 3 1 2253 2289 1
145 1 4 2310 2378 1
146 4 2 409 427 1
147 2 0 453 500 1
148 4 3 584 629 1
149 3 1 670 706 1
150 1 3 759 795 1
151 3 1 821 857 1
152 1 4 876 944 1
153 3 4 373 418 1
154 4 1 435 503 1
155 1 2 547 613 1
156 2 1 647 713 1
157 1 2 737 803 1
158 2 4 822 840 1
159 4 3 855 900 1
160 4 3 785 830 1
161 3 0 855 936 1
162 0 1 962 1067 1
163 1 0 1097 1202 1
164 0 4 1227 1264 1
165 4 3 1183 1228 1
166 3 0 1252 1333 1
167 0 4 1355 1392 1
168 4 2 1450 1468 1
169 2 1 1515 1581 1
170 1 2 1596 1662 1
171 2 4 1696 1714 1
172 3 0 306 387 1
173 0 4 426 463 1
174 4 3 502 547 1
175 3 2 605 640 1
176 2 1 671 737 1
177 1 3 780 816 1
178 3 2 1971 2006 1
179 2 3 2044 2079 1
180 3 0 2123 2204 1
181 0 2 2234 2281 1
182 2 1 2326 2392 1
183 1 3 2432 2468 1
184 4 1 2005 2073 1
185 1 2 2118 2184 1
186 2 0 2202 2249 1
187 0 1 2277 2382 1
188 1 2 2438 2504 1
189 2 4 2520 2538 1
190 4 1 778 846 1
191 1 0 904 1009 1
192 0 2 1025 1072 1
193 2 3 1093 1128 1
194 3 2 1173 1208 1
195 2 4 1235 1253 1
196 3 2 2148 2183 1
197 2 3 2211 2246 1
198 3 1 945 981 1
199 1 3 1022 1058 1
//Vehicles: idOfVehicle idOfStartingDepot nbTrips
0 -1 200
1 -1 200
2 -1 200
3 -1 200
4 -1 200
5 -1 200
6 -1 200
7 -1 200
8 -1 200
9 -1 200
10 -1 200
11 -1 200
12 -1 200
13 -1 200
14 -1 200
15 -1 200
16 -1 200
17 -1 200
18 -1 200
19 -1 200
20 -1 200
21 -1 200
22 -1 200
23 -1 200
24 -1 200
25 -1 200
26 -1 200
27 -1 200
28 -1 200
29 -1 200
30 -1 200
31 -1 200
32 -1 200
33 -1 200
34 -1 200
35 -1 200
36 -1 200
//Drivers :idOfDriver idOfStartingDepot idOfEndingDepot nbTrips
0 -1 200
1 -1 200
2 -1 200
3 -1 200
4 -1 200
5 -1 200
6 -1 200
7 -1 200
8 -1 200
9 -1 200
10 -1 200
11 -1 200
12 -1 200
13 -1 200
14 -1 200
15 -1 200
16 -1 200
17 -1 200
18 -1 200
19 -1 200
20 -1 200
21 -1 200
22 -1 200
23 -1 200
24 -1 200
25 -1 200
26 -1 200
27 -1 200
28 -1 200
29 -1 200
30 -1 200
31 -1 200
32 -1 200
33 -1 200
34 -1 200
35 -1 200
36 -1 200
//Graph arcs for trips can be performed successively: 
// idStartTrip idEndTrip costForVehicle costForDriver
0 1 400 20
0 7 2400 501
0 61 4940 247
0 74 2400 332
0 92 11020 551
0 99 2780 139
0 110 6200 310
0 169 2420 121
0 171 2400 302
0 179 2400 650
1 2 580 29
1 6 7780 389
1 9 14100 705
1 15 2360 118
1 54 13240 662
1 73 3880 194
1 77 2400 554
1 88 1580 79
1 102 8460 423
1 108 2400 129
1 120 620 31
1 178 10440 522
1 180 13480 674
1 196 13980 699
2 3 840 42
2 5 2400 254
2 8 2400 560
2 16 5480 274
2 39 11400 570
2 60 1500 75
2 63 8660 433
2 65 11200 560
2 72 940 47
2 75 4860 243
2 91 7760 388
2 101 2400 265
2 109 2960 148
2 111 2400 368
2 112 2400 547
2 116 2400 214
2 141 6340 317
2 142 11360 568
2 184 9640 482
3 4 1080 54
3 18 2400 410
3 41 2400 593
3 56 2400 653
3 62 1860 93
3 93 2400 398
3 103 2400 305
3 143 2400 569
3 145 2400 677
3 185 9700 485
4 5 440 22
4 8 2400 328
4 12 13440 672
4 16 840 42
4 39 6760 338
4 63 4020 201
4 65 6560 328
4 79 10040 502
4 80 13220 661
4 91 3120 156
4 101 660 33
4 111 2400 136
4 112 2400 315
4 141 1700 85
4 142 6720 336
4 184 5000 250
5 6 320 16
5 9 6640 332
5 54 5780 289
5 57 10620 531
5 77 2400 181
5 78 2400 352
5 102 1000 50
5 144 8620 431
5 178 2980 149
5 180 6020 301
5 196 6520 326
6 7 440 22
6 11 2400 500
6 13 2400 631
6 40 5380 269
6 42 12220 611
6 55 6200 310
6 59 2400 676
6 66 2400 244
6 81 2400 588
6 92 1440 72
6 179 2400 171
6 182 9060 453
6 186 6580 329
6 189 2400 647
6 197 2400 338
7 8 2400 170
7 12 10280 514
7 39 3600 180
7 63 860 43
7 65 3400 170
7 79 6880 344
7 80 10060 503
7 82 2400 583
7 112 2400 157
7 142 3560 178
7 184 1840 92
8 9 520 26
8 14 2400 445
8 57 4500 225
8 78 920 46
8 144 2500 125
8 196 400 20
9 10 660 33
9 43 2400 332
9 58 4760 238
9 187 840 42
10 11 1160 58
10 13 2400 189
10 42 3380 169
10 59 2400 234
10 81 2400 146
10 189 2400 205
11 12 720 36
11 80 500 25
11 82 2100 105
12 13 1180 59
12 42 780 39
12 59 2080 104
12 81 320 16
12 189 1500 75
13 14 680 34
15 4 1680 84
15 18 2400 440
15 41 2400 623
15 56 2400 683
15 62 2460 123
15 89 320 16
15 93 2400 428
15 100 420 21
15 103 2400 335
15 143 2400 599
15 145 2400 707
15 185 10300 515
16 10 8680 434
16 17 1180 59
16 58 12780 639
16 64 2400 185
16 181 8000 400
16 187 8860 443
17 18 900 45
17 41 2400 228
17 56 2400 288
17 93 660 33
17 143 2400 204
17 145 2400 312
17 183 2400 434
17 185 2400 120
17 188 8800 440
18 9 1500 75
18 14 2400 494
18 54 640 32
18 57 5480 274
18 78 1900 95
18 144 3480 174
18 180 880 44
18 196 1380 69
19 20 1020 51
19 24 2400 388
19 30 5180 259
19 33 10680 534
19 52 11880 594
19 95 600 30
19 97 2400 394
19 105 2400 568
19 134 2400 597
19 138 2400 700
19 147 5280 264
19 156 9160 458
19 158 2400 633
19 176 9640 482
20 21 1060 53
20 34 2400 506
20 53 2400 592
20 70 2400 564
20 85 2400 507
20 87 2400 638
20 106 12940 647
20 133 2400 307
20 150 2400 453
20 152 2400 570
20 155 4820 241
20 157 8620 431
20 177 2400 474
20 191 11960 598
20 199 2400 716
21 22 960 48
21 36 2400 619
21 50 2400 270
21 83 1340 67
21 84 4940 247
21 86 9780 489
21 96 900 45
21 104 2400 144
21 117 2400 641
21 125 2400 222
21 127 2400 351
21 128 12000 600
21 135 2400 275
21 137 8620 431
21 149 5500 275
21 151 8520 426
21 161 9200 460
21 175 4200 210
21 198 11000 550
22 23 840 42
22 32 3900 195
22 35 2400 437
22 37 12120 606
22 44 2400 595
22 51 5000 250
22 69 4860 243
22 118 2400 616
22 124 1100 55
22 126 2400 155
22 132 480 24
22 136 2400 252
22 139 2400 458
22 140 2400 597
22 148 1920 96
22 159 2400 367
22 160 2400 297
22 165 2400 695
22 190 5800 290
23 24 580 29
23 33 3500 175
23 52 4700 235
23 97 700 35
23 105 2400 209
23 107 2400 492
23 130 2400 585
23 134 2400 238
23 138 2400 341
23 156 1980 99
23 158 2400 274
23 176 2460 123
23 193 2400 545
23 195 2400 687
24 36 2400 402
24 45 10920 546
24 47 13880 694
24 50 1060 53
24 84 600 30
24 86 5440 272
24 113 12640 632
24 117 2400 424
24 127 2400 134
24 128 7660 383
24 135 1160 58
24 137 4280 214
24 149 1160 58
24 151 4180 209
24 161 4860 243
24 166 12800 640
24 194 11220 561
24 198 6660 333
25 26 520 26
25 29 6200 310
25 31 2400 464
25 68 2400 492
25 123 2400 180
25 173 2400 369
26 22 2400 279
26 27 940 47
26 50 2400 501
26 67 4060 203
26 83 5960 298
26 84 9560 478
26 86 14400 720
26 96 2400 276
26 104 2400 375
26 125 2400 453
26 127 2400 582
26 135 2400 506
26 137 13240 662
26 149 10120 506
26 151 13140 657
26 153 2400 209
26 161 13820 691
26 172 2840 142
26 175 8820 441
27 23 5480 274
27 28 340 17
27 32 8540 427
27 35 2400 669
27 51 9640 482
27 69 9500 475
27 124 2400 287
27 126 2400 387
27 131 660 33
27 132 5120 256
27 136 2400 484
27 139 2400 690
27 146 3060 153
27 148 2400 328
27 154 3580 179
27 159 2400 599
27 160 2400 529
27 174 2400 246
27 190 10440 522
28 29 1140 57
28 31 2400 211
28 68 2400 239
28 162 13040 652
28 173 2320 116
28 192 14300 715
29 24 2400 163
29 30 680 34
29 33 6180 309
29 52 7380 369
29 97 2400 169
29 105 2400 343
29 107 2400 626
29 130 2400 719
29 134 2400 372
29 138 2400 475
29 147 780 39
29 156 4660 233
29 158 2400 408
29 176 5140 257
29 193 2400 679
30 31 520 26
30 38 2400 669
30 68 1080 54
30 162 9340 467
30 192 10600 530
31 32 2500 125
31 35 2400 367
31 37 10720 536
31 44 2400 525
31 51 3600 180
31 69 3460 173
31 118 2400 546
31 126 1700 85
31 136 2400 182
31 139 2400 388
31 140 2400 527
31 148 520 26
31 159 2400 297
31 160 2400 227
31 165 2400 625
31 190 4400 220
32 1 2400 713
32 33 440 22
32 52 1640 82
32 105 1120 56
32 107 2400 339
32 130 2400 432
32 134 1700 85
32 138 2400 188
32 158 2400 121
32 193 2400 392
32 195 2400 534
33 34 460 23
33 46 2400 458
33 53 2180 109
33 70 1620 81
33 85 480 24
33 87 2400 155
33 106 3280 164
33 129 5140 257
33 152 1740 87
33 163 6160 308
33 191 2300 115
33 199 2400 233
34 0 9920 496
34 3 13700 685
34 35 900 45
34 37 4280 214
34 44 2400 203
34 60 14360 718
34 71 2400 445
34 72 2400 690
34 118 2400 224
34 139 1320 66
34 140 2400 205
34 165 2400 303
34 168 11400 570
35 2 2400 508
35 15 11940 597
35 36 880 44
35 45 3760 188
35 47 6720 336
35 73 13460 673
35 88 11160 558
35 98 9480 474
35 108 2400 608
35 113 5480 274
35 117 1320 66
35 120 10200 510
35 128 500 25
35 166 5640 282
35 194 4060 203
36 0 6340 317
36 3 10120 506
36 5 2400 718
36 37 700 35
36 44 480 24
36 60 10780 539
36 71 2400 266
36 72 2400 511
36 75 14140 707
36 109 12240 612
36 116 2400 678
36 118 900 45
36 140 520 26
36 165 2400 124
36 168 7820 391
37 38 660 33
37 48 5640 282
37 76 2400 694
37 90 2400 696
37 115 2400 546
37 119 2400 249
37 164 1920 96
37 167 2400 224
38 0 3500 175
38 3 7280 364
38 5 2400 576
38 16 11920 596
38 60 7940 397
38 71 2400 124
38 72 2400 369
38 75 11300 565
38 91 14200 710
38 101 2400 587
38 109 9400 470
38 111 2400 690
38 116 2400 536
38 141 12780 639
38 168 4980 249
39 11 2400 262
39 13 2400 393
39 40 620 31
39 42 7460 373
39 55 1440 72
39 59 2400 438
39 81 2400 350
39 182 4300 215
39 186 1820 91
39 189 2400 409
39 197 2000 100
40 41 360 18
40 56 1560 78
40 145 2040 102
40 183 2400 224
40 188 4600 230
41 12 2660 133
41 80 2440 122
41 82 2400 202
42 43 720 36
44 2 2400 350
44 6 14200 710
44 15 8780 439
44 45 600 30
44 47 3560 178
44 73 10300 515
44 88 8000 400
44 98 6320 316
44 108 2400 450
44 113 2320 116
44 120 7040 352
44 166 2480 124
44 194 900 45
45 4 2400 493
45 46 1060 53
45 49 2400 359
45 62 10640 532
45 89 2400 425
45 100 8600 430
45 114 7140 357
45 121 2400 342
45 170 8040 402
46 2 2400 195
46 6 11100 555
46 15 5680 284
46 47 460 23
46 73 7200 360
46 77 2400 720
46 88 4900 245
46 98 3220 161
46 102 11780 589
46 108 2400 295
46 120 3940 197
46 178 13760 688
47 17 10120 506
47 48 520 26
47 64 2400 632
47 76 2400 438
47 90 2400 440
47 115 2400 290
48 4 2400 169
48 18 2400 525
48 41 2400 708
48 49 700 35
48 62 4160 208
48 89 2020 101
48 93 2400 513
48 100 2120 106
48 103 2400 420
48 114 660 33
48 121 360 18
48 143 2400 684
48 170 1560 78
48 185 12000 600
49 5 2400 156
49 8 2400 462
49 16 3520 176
49 39 9440 472
49 63 6700 335
49 65 9240 462
49 75 2900 145
49 79 12720 636
49 91 5800 290
49 101 2400 167
49 109 1000 50
49 111 2400 270
49 112 2400 449
49 116 2320 116
49 141 4380 219
49 142 9400 470
49 184 7680 384
50 0 13320 666
50 35 2400 215
50 37 7680 384
50 44 2400 373
50 51 560 28
50 69 420 21
50 71 2400 615
50 118 2400 394
50 136 600 30
50 139 2400 236
50 140 2400 375
50 159 2400 145
50 160 1500 75
50 165 2400 473
50 190 1360 68
51 1 2400 658
51 52 540 27
51 107 2400 284
51 130 2400 377
51 134 600 30
51 138 2400 133
51 158 1320 66
51 193 2400 337
51 195 2400 479
52 46 2400 398
52 49 2400 704
52 53 980 49
52 70 420 21
52 87 1900 95
52 106 2080 104
52 114 14040 702
52 121 2400 687
52 129 3940 197
52 152 540 27
52 163 4960 248
52 191 1100 55
52 199 2400 173
53 0 8200 410
53 3 11980 599
53 37 2560 128
53 44 2340 117
53 60 12640 632
53 71 2400 359
53 72 2400 604
53 109 14100 705
53 118 2400 138
53 140 2380 119
53 165 2400 217
53 168 9680 484
54 11 2400 227
54 13 2400 358
54 42 6760 338
54 55 740 37
54 59 2400 403
54 81 2400 315
54 182 3600 180
54 186 1120 56
54 189 2400 374
54 197 1300 65
55 56 740 37
55 145 1220 61
55 183 2400 183
55 188 3780 189
56 14 2400 251
56 57 620 31
57 43 2400 133
57 58 780 39
58 59 580 29
60 7 2400 279
60 40 10520 526
60 55 11340 567
60 61 500 25
60 66 2400 501
60 74 2200 110
60 92 6580 329
60 110 1760 88
60 171 1600 80
60 179 2400 428
60 182 14200 710
60 186 11720 586
60 197 2400 595
61 18 2400 336
61 41 2400 519
61 56 2400 579
61 62 380 19
61 93 2400 324
61 103 2400 231
61 143 2400 495
61 145 2400 603
61 185 8220 411
62 7 2060 103
62 11 2400 581
62 13 2400 712
62 40 7000 350
62 42 13840 692
62 55 7820 391
62 66 2400 325
62 81 2400 669
62 92 3060 153
62 179 2400 252
62 182 10680 534
62 186 8200 410
62 197 2400 419
63 10 5500 275
63 43 2400 574
63 58 9600 480
63 64 520 26
63 181 4820 241
63 187 5680 284
64 8 540 27
64 12 7420 371
64 39 740 37
64 65 540 27
64 79 4020 201
64 80 7200 360
64 82 2400 440
64 142 700 35
65 11 2400 272
65 13 2400 403
65 40 820 41
65 42 7660 383
65 55 1640 82
65 59 2400 448
65 66 320 16
65 81 2400 360
65 182 4500 225
65 186 2020 101
65 189 2400 419
65 197 2200 110
66 12 5840 292
66 79 2440 122
66 80 5620 281
66 82 2400 361
67 24 2400 175
67 30 920 46
67 33 6420 321
67 52 7620 381
67 97 2400 181
67 105 2400 355
67 107 2400 638
67 134 2400 384
67 138 2400 487
67 147 1020 51
67 156 4900 245
67 158 2400 420
67 176 5380 269
67 193 2400 691
68 36 2400 384
68 45 10560 528
68 47 13520 676
68 50 700 35
68 86 5080 254
68 113 12280 614
68 117 2400 406
68 127 2320 116
68 128 7300 365
68 135 800 40
68 137 3920 196
68 149 800 40
68 151 3820 191
68 161 4500 225
68 166 12440 622
68 194 10860 543
68 198 6300 315
69 1 2400 665
69 52 680 34
69 107 2400 291
69 130 2400 384
69 134 740 37
69 138 2400 140
69 158 1460 73
69 193 2400 344
69 195 2400 486
70 2 2400 572
70 15 13220 661
70 36 2160 108
70 45 5040 252
70 47 8000 400
70 88 12440 622
70 98 10760 538
70 108 2400 672
70 113 6760 338
70 117 2400 130
70 120 11480 574
70 128 1780 89
70 166 6920 346
70 194 5340 267
70 198 780 39
71 2 2160 108
71 6 9360 468
71 15 3940 197
71 73 5460 273
71 77 2400 633
71 88 3160 158
71 98 1480 74
71 102 10040 502
71 108 2400 208
71 120 2200 110
71 178 12020 601
72 6 4460 223
72 9 10780 539
72 54 9920 496
72 73 560 28
72 77 2400 388
72 78 2400 559
72 102 5140 257
72 144 12760 638
72 178 7120 356
72 180 10160 508
72 196 10660 533
73 7 2400 217
73 11 2400 695
73 40 9280 464
73 55 10100 505
73 66 2400 439
73 74 960 48
73 92 5340 267
73 110 520 26
73 171 360 18
73 179 2400 366
73 182 12960 648
73 186 10480 524
73 197 2400 533
74 5 660 33
74 8 2400 339
74 12 13660 683
74 16 1060 53
74 39 6980 349
74 63 4240 212
74 65 6780 339
74 75 440 22
74 79 10260 513
74 80 13440 672
74 91 3340 167
74 101 880 44
74 111 2400 147
74 112 2400 326
74 141 1920 96
74 142 6940 347
74 184 5220 261
75 10 9300 465
75 17 1800 90
75 58 13400 670
75 64 2400 216
75 76 440 22
75 90 480 24
75 181 8620 431
75 187 9480 474
76 8 2400 221
76 12 11300 565
76 39 4620 231
76 63 1880 94
76 65 4420 221
76 79 7900 395
76 80 11080 554
76 82 2400 634
76 91 980 49
76 111 580 29
76 112 2400 208
76 142 4580 229
76 184 2860 143
77 8 700 35
77 12 7580 379
77 39 900 45
77 65 700 35
77 79 4180 209
77 80 7360 368
77 82 2400 448
77 112 440 22
77 142 860 43
78 12 4160 208
78 79 760 38
78 80 3940 197
78 82 2400 277
79 11 1960 98
79 13 2400 229
79 42 4180 209
79 59 2400 274
79 81 2400 186
79 182 1020 51
79 189 2400 245
80 13 1400 70
80 42 1000 50
80 59 2300 115
80 81 540 27
80 189 1720 86
81 82 340 17
82 14 640 32
83 24 1600 80
83 33 4520 226
83 52 5720 286
83 97 1720 86
83 105 2400 260
83 107 2400 543
83 130 2400 636
83 134 2400 289
83 138 2400 392
83 156 3000 150
83 158 2400 325
83 176 3480 174
83 193 2400 596
84 33 920 46
84 52 2120 106
84 105 1600 80
84 107 2400 363
84 130 2400 456
84 134 2180 109
84 138 2400 212
84 158 2400 145
84 193 2400 416
84 195 2400 558
85 2 2400 629
85 15 14360 718
85 36 2400 165
85 45 6180 309
85 47 9140 457
85 86 700 35
85 88 13580 679
85 98 11900 595
85 113 7900 395
85 117 2400 187
85 120 12620 631
85 128 2920 146
85 166 8060 403
85 194 6480 324
85 198 1920 96
86 46 2400 327
86 49 2400 633
86 87 480 24
86 89 2400 699
86 100 14080 704
86 106 660 33
86 114 12620 631
86 121 2400 616
86 129 2520 126
86 163 3540 177
86 170 13520 676
86 199 2040 102
87 2 2400 498
87 15 11740 587
87 36 680 34
87 45 3560 178
87 47 6520 326
87 73 13260 663
87 88 10960 548
87 98 9280 464
87 108 2400 598
87 113 5280 264
87 117 1120 56
87 120 10000 500
87 128 300 15
87 166 5440 272
87 194 3860 193
88 4 2400 123
88 18 2400 479
88 41 2400 662
88 62 3240 162
88 89 1100 55
88 93 2400 467
88 100 1200 60
88 103 2400 374
88 143 2400 638
88 170 640 32
88 185 11080 554
89 5 1800 90
89 8 2400 396
89 16 2200 110
89 39 8120 406
89 63 5380 269
89 65 7920 396
89 75 1580 79
89 79 11400 570
89 91 4480 224
89 101 2020 101
89 111 2400 204
89 112 2400 383
89 116 1000 50
89 141 3060 153
89 142 8080 404
89 184 6360 318
90 8 2400 219
90 12 11260 563
90 39 4580 229
90 63 1840 92
90 65 4380 219
90 79 7860 393
90 80 11040 552
90 82 2400 632
90 91 940 47
90 111 540 27
90 112 2400 206
90 142 4540 227
90 184 2820 141
91 11 2400 444
91 13 2400 575
91 40 4260 213
91 42 11100 555
91 55 5080 254
91 59 2400 620
91 66 2400 188
91 81 2400 532
91 92 320 16
91 179 2300 115
91 182 7940 397
91 186 5460 273
91 189 2400 591
91 197 2400 282
92 18 640 32
92 41 2400 215
92 56 2400 275
92 93 400 20
92 143 2400 191
92 145 2400 299
92 183 2400 421
92 185 2140 107
92 188 8540 427
93 9 1740 87
93 14 2400 506
93 54 880 44
93 57 5720 286
93 78 2140 107
93 144 3720 186
93 180 1120 56
93 196 1620 81
94 19 440 22
94 22 2400 311
94 27 1580 79
94 50 2400 533
94 67 4700 235
94 83 6600 330
94 84 10200 510
94 96 2400 308
94 104 2400 407
94 125 2400 485
94 127 2400 614
94 135 2400 538
94 137 13880 694
94 149 10760 538
94 151 13780 689
94 153 2400 241
94 172 3480 174
94 175 9460 473
95 21 1480 74
95 34 2400 527
95 53 2400 613
95 70 2400 585
95 85 2400 528
95 87 2400 659
95 106 13360 668
95 133 2400 328
95 150 2400 474
95 152 2400 591
95 155 5240 262
95 157 9040 452
95 177 2400 495
95 191 12380 619
96 23 900 45
96 32 3960 198
96 35 2400 440
96 37 12180 609
96 44 2400 598
96 51 5060 253
96 69 4920 246
96 118 2400 619
96 124 1160 58
96 126 2400 158
96 132 540 27
96 136 2400 255
96 139 2400 461
96 140 2400 600
96 148 1980 99
96 159 2400 370
96 160 2400 300
96 165 2400 698
96 174 340 17
96 190 5860 293
97 32 1640 82
97 35 2400 324
97 37 9860 493
97 44 2400 482
97 51 2740 137
97 69 2600 130
97 118 2400 503
97 126 840 42
97 136 2400 139
97 139 2400 345
97 140 2400 484
97 159 2400 254
97 160 2400 184
97 165 2400 582
97 190 3540 177
98 7 2400 416
98 40 13260 663
98 55 14080 704
98 61 3240 162
98 66 2400 638
98 74 2400 247
98 92 9320 466
98 99 1080 54
98 110 4500 225
98 169 720 36
98 171 2400 217
98 179 2400 565
99 4 1760 88
99 18 2400 444
99 41 2400 627
99 56 2400 687
99 62 2540 127
99 89 400 20
99 93 2400 432
99 100 500 25
99 103 2400 339
99 143 2400 603
99 145 2400 711
99 185 10380 519
100 7 2400 205
100 11 2400 683
100 40 9040 452
100 55 9860 493
100 66 2400 427
100 74 720 36
100 92 5100 255
100 179 2400 354
100 182 12720 636
100 186 10240 512
100 197 2400 521
101 9 6420 321
101 54 5560 278
101 57 10400 520
101 77 2400 170
101 78 2400 341
101 102 780 39
101 144 8400 420
101 178 2760 138
101 180 5800 290
101 196 6300 315
102 18 2400 135
102 41 2400 318
102 56 2400 378
102 93 2400 123
102 103 600 30
102 143 2400 294
102 145 2400 402
102 183 2400 524
102 185 4200 210
102 188 10600 530
103 9 3600 180
103 14 2400 599
103 54 2740 137
103 57 7580 379
103 77 580 29
103 78 2400 200
103 144 5580 279
103 180 2980 149
103 196 3480 174
104 32 1980 99
104 35 2400 341
104 37 10200 510
104 44 2400 499
104 51 3080 154
104 69 2940 147
104 118 2400 520
104 126 1180 59
104 136 2400 156
104 139 2400 362
104 140 2400 501
104 159 2400 271
104 160 2400 201
104 165 2400 599
104 190 3880 194
105 2 2400 686
105 36 2400 222
105 45 7320 366
105 47 10280 514
105 86 1840 92
105 98 13040 652
105 113 9040 452
105 117 2400 244
105 120 13760 688
105 128 4060 203
105 137 680 34
105 151 580 29
105 161 1260 63
105 166 9200 460
105 194 7620 381
105 198 3060 153
106 1 2400 395
106 61 12440 622
106 74 2400 707
106 99 10280 514
106 107 420 21
106 110 13700 685
106 130 2280 114
106 169 9920 496
106 171 2400 677
106 193 1480 74
106 195 2400 216
107 2 2400 403
107 15 9840 492
107 45 1660 83
107 47 4620 231
107 73 11360 568
107 88 9060 453
107 98 7380 369
107 108 2400 503
107 113 3380 169
107 120 8100 405
107 166 3540 177
107 194 1960 98
108 5 2400 154
108 8 2400 460
108 16 3480 174
108 39 9400 470
108 63 6660 333
108 65 9200 460
108 75 2860 143
108 79 12680 634
108 91 5760 288
108 101 2400 165
108 109 960 48
108 111 2400 268
108 112 2400 447
108 116 2280 114
108 141 4340 217
108 142 9360 468
108 184 7640 382
109 7 2400 206
109 11 2400 684
109 40 9060 453
109 55 9880 494
109 66 2400 428
109 74 740 37
109 92 5120 256
109 110 300 15
109 179 2400 355
109 182 12740 637
109 186 10260 513
109 197 2400 522
110 10 10340 517
110 17 2840 142
110 64 2400 268
110 76 1480 74
110 90 1520 76
110 181 9660 483
110 187 10520 526
111 9 4360 218
111 14 2400 637
111 54 3500 175
111 57 8340 417
111 77 1340 67
111 78 2400 238
111 144 6340 317
111 178 700 35
111 180 3740 187
111 196 4240 212
112 9 780 39
112 14 2400 458
112 57 4760 238
112 78 1180 59
112 144 2760 138
112 196 660 33
113 17 11360 568
113 48 1760 88
113 64 2400 694
113 76 2400 500
113 90 2400 502
113 115 2400 352
113 119 1100 55
113 167 600 30
114 10 12240 612
114 17 4740 237
114 64 2400 363
114 76 2400 169
114 90 2400 171
114 115 420 21
114 181 11560 578
114 187 12420 621
115 5 1260 63
115 8 2400 369
115 12 14260 713
115 16 1660 83
115 39 7580 379
115 63 4840 242
115 65 7380 369
115 75 1040 52
115 79 10860 543
115 80 14040 702
115 91 3940 197
115 101 1480 74
115 111 2400 177
115 112 2400 356
115 116 460 23
115 141 2520 126
115 142 7540 377
115 184 5820 291
116 6 1120 56
116 9 7440 372
116 54 6580 329
116 57 11420 571
116 77 2400 221
116 78 2400 392
116 102 1800 90
116 144 9420 471
116 178 3780 189
116 180 6820 341
116 196 7320 366
117 0 5900 295
117 3 9680 484
117 5 2400 696
117 16 14320 716
117 60 10340 517
117 71 2400 244
117 72 2400 489
117 75 13700 685
117 101 2400 707
117 109 11800 590
117 116 2400 656
117 118 460 23
117 165 2040 102
117 168 7380 369
118 2 2400 329
118 6 13780 689
118 15 8360 418
118 47 3140 157
118 73 9880 494
118 88 7580 379
118 98 5900 295
118 108 2400 429
118 113 1900 95
118 120 6620 331
118 166 2060 103
118 194 480 24
119 2 340 17
119 6 7540 377
119 9 13860 693
119 15 2120 106
119 54 13000 650
119 73 3640 182
119 77 2400 542
119 78 2400 713
119 88 1340 67
119 102 8220 411
119 108 2340 117
119 120 380 19
119 178 10200 510
119 180 13240 662
119 196 13740 687
120 4 2400 171
120 18 2400 527
120 41 2400 710
120 49 740 37
120 62 4200 210
120 89 2060 103
120 93 2400 515
120 100 2160 108
120 103 2400 422
120 114 700 35
120 121 400 20
120 143 2400 686
120 170 1600 80
120 185 12040 602
121 6 5320 266
121 9 11640 582
121 54 10780 539
121 73 1420 71
121 77 2400 431
121 78 2400 602
121 102 6000 300
121 144 13620 681
121 178 7980 399
121 180 11020 551
121 196 11520 576
122 29 3620 181
122 31 2400 335
122 68 2400 363
122 123 1020 51
122 173 2400 240
123 22 2400 125
123 36 2400 696
123 50 2400 347
123 67 980 49
123 83 2880 144
123 84 6480 324
123 86 11320 566
123 96 2400 122
123 104 2400 221
123 117 2400 718
123 125 2400 299
123 127 2400 428
123 128 13540 677
123 135 2400 352
123 137 10160 508
123 149 7040 352
123 151 10060 503
123 153 1100 55
123 161 10740 537
123 175 5740 287
123 198 12540 627
124 36 2400 426
124 45 11400 570
124 47 14360 718
124 50 1540 77
124 84 1080 54
124 86 5920 296
124 113 13120 656
124 117 2400 448
124 125 580 29
124 127 2400 158
124 128 8140 407
124 135 1640 82
124 137 4760 238
124 149 1640 82
124 151 4660 233
124 161 5340 267
124 166 13280 664
124 175 340 17
124 194 11700 585
124 198 7140 357
125 0 14280 714
125 32 420 21
125 35 2400 263
125 37 8640 432
125 44 2400 421
125 51 1520 76
125 69 1380 69
125 71 2400 663
125 118 2400 442
125 136 1560 78
125 139 2400 284
125 140 2400 423
125 159 2400 193
125 160 2400 123
125 165 2400 521
125 190 2320 116
126 36 2400 326
126 45 9400 470
126 47 12360 618
126 86 3920 196
126 113 11120 556
126 117 2400 348
126 127 1160 58
126 128 6140 307
126 137 2760 138
126 151 2660 133
126 161 3340 167
126 166 11280 564
126 194 9700 485
126 198 5140 257
127 0 11700 585
127 35 2400 134
127 37 6060 303
127 44 2400 292
127 71 2400 534
127 118 2400 313
127 139 2400 155
127 140 2400 294
127 159 1280 64
127 165 2400 392
127 168 13180 659
128 4 2400 656
128 46 2400 216
128 49 2400 522
128 62 13900 695
128 89 2400 588
128 100 11860 593
128 114 10400 520
128 121 2400 505
128 129 300 15
128 163 1320 66
128 170 11300 565
129 1 2400 302
129 61 10580 529
129 74 2400 614
129 99 8420 421
129 110 11840 592
129 130 420 21
129 169 8060 403
129 171 2400 584
129 195 2400 123
130 0 4500 225
130 3 8280 414
130 5 2400 626
130 16 12920 646
130 60 8940 447
130 71 2400 174
130 72 2400 419
130 75 12300 615
130 101 2400 637
130 109 10400 520
130 116 2400 586
130 141 13780 689
130 165 640 32
130 168 5980 299
131 22 2180 109
131 36 2400 680
131 50 2400 331
131 67 660 33
131 83 2560 128
131 84 6160 308
131 86 11000 550
131 96 2120 106
131 104 2400 205
131 117 2400 702
131 125 2400 283
131 127 2400 412
131 128 13220 661
131 135 2400 336
131 137 9840 492
131 149 6720 336
131 151 9740 487
131 153 780 39
131 161 10420 521
131 175 5420 271
131 198 12220 611
132 34 2400 232
132 46 2400 667
132 53 2400 318
132 70 2400 290
132 85 2400 233
132 87 2400 364
132 106 7460 373
132 129 9320 466
132 133 660 33
132 150 2400 179
132 152 2400 296
132 157 3140 157
132 163 10340 517
132 177 2400 200
132 191 6480 324
132 199 2400 442
133 0 13900 695
133 35 2400 244
133 37 8260 413
133 44 2400 402
133 51 1140 57
133 69 1000 50
133 71 2400 644
133 118 2400 423
133 136 1180 59
133 139 2400 265
133 140 2400 404
133 159 2400 174
133 160 2080 104
133 165 2400 502
133 190 1940 97
134 0 11440 572
134 35 2400 121
134 37 5800 290
134 44 2400 279
134 71 2400 521
134 118 2400 300
134 139 2400 142
134 140 2400 281
134 159 1020 51
134 165 2400 379
134 168 12920 646
135 0 13220 661
135 35 2400 210
135 37 7580 379
135 44 2400 368
135 51 460 23
135 69 320 16
135 71 2400 610
135 118 2400 389
135 136 500 25
135 139 2400 231
135 140 2400 370
135 159 2400 140
135 160 1400 70
135 165 2400 468
135 190 1260 63
136 2 2400 693
136 36 2400 229
136 45 7460 373
136 47 10420 521
136 86 1980 99
136 98 13180 659
136 113 9180 459
136 117 2400 251
136 120 13900 695
136 128 4200 210
136 137 820 41
136 151 720 36
136 161 1400 70
136 166 9340 467
136 194 7760 388
136 198 3200 160
137 1 2400 553
137 99 13440 672
137 107 2400 179
137 130 2400 272
137 138 560 28
137 169 13080 654
137 193 2400 232
137 195 2400 374
138 0 9380 469
138 3 13160 658
138 35 360 18
138 37 3740 187
138 44 2400 176
138 60 13820 691
138 71 2400 418
138 72 2400 663
138 118 2400 197
138 139 780 39
138 140 2400 178
138 165 2400 276
138 168 10860 543
139 2 2400 487
139 15 11520 576
139 36 460 23
139 45 3340 167
139 47 6300 315
139 73 13040 652
139 88 10740 537
139 98 9060 453
139 108 2400 587
139 113 5060 253
139 117 900 45
139 120 9780 489
139 166 5220 261
139 194 3640 182
140 2 2400 348
140 6 14160 708
140 15 8740 437
140 45 560 28
140 47 3520 176
140 73 10260 513
140 88 7960 398
140 98 6280 314
140 108 2400 448
140 113 2280 114
140 120 7000 350
140 166 2440 122
140 194 860 43
141 10 7820 391
141 17 320 16
141 43 2400 690
141 58 11920 596
141 64 2400 142
141 181 7140 357
141 187 8000 400
142 41 1340 67
142 56 2400 127
142 143 860 43
142 145 2400 151
142 183 2400 273
142 188 5580 279
143 14 2400 335
143 57 2300 115
143 144 300 15
144 145 420 21
144 183 2400 143
144 188 2980 149
145 12 980 49
145 80 760 38
145 82 2360 118
146 24 2400 150
146 30 420 21
146 33 5920 296
146 52 7120 356
146 97 2400 156
146 105 2400 330
146 107 2400 613
146 130 2400 706
146 134 2400 359
146 138 2400 462
146 147 520 26
146 156 4400 220
146 158 2400 395
146 176 4880 244
146 193 2400 666
147 31 420 21
147 38 2400 664
147 68 980 49
147 162 9240 462
147 192 10500 525
148 36 2400 385
148 45 10580 529
148 47 13540 677
148 50 720 36
148 86 5100 255
148 113 12300 615
148 117 2400 407
148 127 2340 117
148 128 7320 366
148 135 820 41
148 137 3940 197
148 149 820 41
148 151 3840 192
148 161 4520 226
148 166 12460 623
148 194 10880 544
148 198 6320 316
149 34 2120 106
149 46 2400 541
149 53 2400 192
149 70 2400 164
149 85 2140 107
149 87 2400 238
149 106 4940 247
149 129 6800 340
149 150 1060 53
149 152 2400 170
149 157 620 31
149 163 7820 391
149 177 1480 74
149 191 3960 198
149 199 2400 316
150 2 2400 683
150 36 2400 219
150 45 7260 363
150 47 10220 511
150 86 1780 89
150 98 12980 649
150 113 8980 449
150 117 2400 241
150 120 13700 685
150 128 4000 200
150 137 620 31
150 151 520 26
150 161 1200 60
150 166 9140 457
150 194 7560 378
150 198 3000 150
151 46 2400 390
151 49 2400 696
151 53 820 41
151 87 1740 87
151 106 1920 96
151 114 13880 694
151 121 2400 679
151 129 3780 189
151 152 380 19
151 163 4800 240
151 191 940 47
151 199 2400 165
152 0 8640 432
152 3 12420 621
152 37 3000 150
152 44 2400 139
152 60 13080 654
152 71 2400 381
152 72 2400 626
152 118 2400 160
152 140 2400 141
152 165 2400 239
152 168 10120 506
153 23 2240 112
153 32 5300 265
153 35 2400 507
153 37 13520 676
153 44 2400 665
153 51 6400 320
153 69 6260 313
153 118 2400 686
153 124 2400 125
153 126 2400 225
153 132 1880 94
153 136 2400 322
153 139 2400 528
153 140 2400 667
153 148 2400 166
153 154 340 17
153 159 2400 437
153 160 2400 367
153 174 1680 84
153 190 7200 360
154 34 2400 309
154 53 2400 395
154 70 2400 367
154 85 2400 310
154 87 2400 441
154 106 9000 450
154 129 10860 543
154 133 2200 110
154 150 2400 256
154 152 2400 373
154 155 880 44
154 157 4680 234
154 163 11880 594
154 177 2400 277
154 191 8020 401
154 199 2400 519
155 33 2200 110
155 52 3400 170
155 105 2400 144
155 107 2400 427
155 130 2400 520
155 134 2400 173
155 138 2400 276
155 156 680 34
155 158 2400 209
155 176 1160 58
155 193 2400 480
155 195 2400 622
156 34 1980 99
156 46 2400 534
156 53 2400 185
156 70 2400 157
156 85 2000 100
156 87 2400 231
156 106 4800 240
156 129 6660 333
156 150 920 46
156 152 2400 163
156 157 480 24
156 163 7680 384
156 177 1340 67
156 191 3820 191
156 199 2400 309
157 1 2400 611
157 107 2400 237
157 130 2400 330
157 138 1720 86
157 158 380 19
157 169 14240 712
157 193 2400 290
157 195 2400 432
158 0 10720 536
158 35 1700 85
158 37 5080 254
158 44 2400 243
158 71 2400 485
158 118 2400 264
158 139 2120 106
158 140 2400 245
158 159 300 15
158 165 2400 343
158 168 12200 610
159 2 2400 578
159 15 13340 667
159 36 2280 114
159 45 5160 258
159 47 8120 406
159 88 12560 628
159 98 10880 544
159 108 2400 678
159 113 6880 344
159 117 2400 136
159 120 11600 580
159 128 1900 95
159 166 7040 352
159 194 5460 273
159 198 900 45
160 2 2400 648
160 36 2400 184
160 45 6560 328
160 47 9520 476
160 86 1080 54
160 88 13960 698
160 98 12280 614
160 113 8280 414
160 117 2400 206
160 120 13000 650
160 128 3300 165
160 161 500 25
160 166 8440 422
160 194 6860 343
160 198 2300 115
161 38 2400 228
161 48 9540 477
161 119 2400 444
161 162 520 26
161 164 2400 291
161 167 2400 419
161 192 1780 89
162 4 2400 620
162 46 2400 180
162 49 2400 486
162 62 13180 659
162 89 2400 552
162 100 11140 557
162 114 9680 484
162 121 2400 469
162 163 600 30
162 170 10580 529
163 17 13820 691
163 48 4220 211
163 76 2400 623
163 90 2400 625
163 115 2400 475
163 119 2400 178
163 164 500 25
163 167 2400 153
164 0 2240 112
164 3 6020 301
164 5 2400 513
164 16 10660 533
164 60 6680 334
164 63 13840 692
164 71 1220 61
164 72 2400 306
164 75 10040 502
164 91 12940 647
164 101 2400 524
164 109 8140 407
164 111 2400 627
164 116 2400 473
164 141 11520 576
164 168 3720 186
165 2 2400 250
165 6 12200 610
165 15 6780 339
165 47 1560 78
165 73 8300 415
165 88 6000 300
165 98 4320 216
165 102 12880 644
165 108 2400 350
165 113 320 16
165 120 5040 252
165 166 480 24
166 17 11200 560
166 48 1600 80
166 64 2400 686
166 76 2400 492
166 90 2400 494
166 115 2400 344
166 119 940 47
166 167 440 22
167 3 3460 173
167 5 2400 385
167 8 2400 691
167 16 8100 405
167 39 14020 701
167 60 4120 206
167 63 11280 564
167 65 13820 691
167 72 2400 178
167 75 7480 374
167 91 10380 519
167 101 2400 396
167 109 5580 279
167 111 2400 499
167 112 2400 678
167 116 2400 345
167 141 8960 448
167 142 13980 699
167 168 1160 58
167 184 12260 613
168 7 2400 427
168 40 13480 674
168 55 14300 715
168 61 3460 173
168 66 2400 649
168 74 2400 258
168 92 9540 477
168 99 1300 65
168 110 4720 236
168 169 940 47
168 171 2400 228
168 179 2400 576
169 4 2120 106
169 18 2400 462
169 41 2400 645
169 56 2400 705
169 62 2900 145
169 89 760 38
169 93 2400 450
169 100 860 43
169 103 2400 357
169 143 2400 621
169 170 300 15
169 185 10740 537
170 7 2400 233
170 11 2400 711
170 40 9600 480
170 55 10420 521
170 66 2400 455
170 74 1280 64
170 92 5660 283
170 110 840 42
170 171 680 34
170 179 2400 382
170 182 13280 664
170 186 10800 540
170 197 2400 549
171 5 1260 63
171 8 2400 369
171 12 14260 713
171 16 1660 83
171 39 7580 379
171 63 4840 242
171 65 7380 369
171 75 1040 52
171 79 10860 543
171 80 14040 702
171 91 3940 197
171 101 1480 74
171 111 2400 177
171 112 2400 356
171 116 460 23
171 141 2520 126
171 142 7540 377
171 184 5820 291
172 31 2400 134
172 68 2400 162
172 162 11500 575
172 173 780 39
172 192 12760 638
173 23 1340 67
173 32 4400 220
173 35 2400 462
173 37 12620 631
173 44 2400 620
173 51 5500 275
173 69 5360 268
173 118 2400 641
173 124 1600 80
173 126 2400 180
173 132 980 49
173 136 2400 277
173 139 2400 483
173 140 2400 622
173 148 2400 121
173 159 2400 392
173 160 2400 322
173 165 2400 720
173 174 780 39
173 190 6300 315
174 36 2400 467
174 45 12220 611
174 50 2360 118
174 84 1900 95
174 86 6740 337
174 113 13940 697
174 117 2400 489
174 125 1400 70
174 127 2400 199
174 128 8960 448
174 135 2400 123
174 137 5580 279
174 149 2460 123
174 151 5480 274
174 161 6160 308
174 166 14100 705
174 175 1160 58
174 194 12520 626
174 198 7960 398
175 33 1660 83
175 52 2860 143
175 105 2340 117
175 107 2400 400
175 130 2400 493
175 134 2400 146
175 138 2400 249
175 158 2400 182
175 176 620 31
175 193 2400 453
175 195 2400 595
176 34 1500 75
176 46 2400 510
176 53 2400 161
176 70 2400 133
176 85 1520 76
176 87 2400 207
176 106 4320 216
176 129 6180 309
176 150 440 22
176 152 2400 139
176 163 7200 360
176 177 860 43
176 191 3340 167
176 199 2400 285
177 2 2400 662
177 36 2400 198
177 45 6840 342
177 47 9800 490
177 86 1360 68
177 88 14240 712
177 98 12560 628
177 113 8560 428
177 117 2400 220
177 120 13280 664
177 128 3580 179
177 161 780 39
177 166 8720 436
177 194 7140 357
177 198 2580 129
178 11 2400 367
178 13 2400 498
178 40 2720 136
178 42 9560 478
178 55 3540 177
178 59 2400 543
178 66 2220 111
178 81 2400 455
178 179 760 38
178 182 6400 320
178 186 3920 196
178 189 2400 514
178 197 2400 205
179 9 1500 75
179 14 2400 494
179 54 640 32
179 57 5480 274
179 78 1900 95
179 144 3480 174
179 180 880 44
179 196 1380 69
180 10 1280 64
180 43 2400 363
180 58 5380 269
180 181 600 30
180 187 1460 73
181 11 1840 92
181 13 2400 223
181 42 4060 203
181 59 2400 268
181 81 2400 180
181 182 900 45
181 189 2400 239
182 183 800 40
182 188 920 46
183 14 2100 105
184 41 2400 153
184 56 2400 213
184 143 2400 129
184 145 2400 237
184 183 2400 359
184 185 900 45
184 188 7300 365
185 11 2400 189
185 13 2400 320
185 42 6000 300
185 59 2400 365
185 81 2400 277
185 182 2840 142
185 186 360 18
185 189 2400 336
185 197 540 27
186 10 380 19
186 43 2400 318
186 58 4480 224
186 187 560 28
187 183 1000 50
187 188 1120 56
188 59 900 45
188 189 320 16
190 46 2400 401
190 49 2400 707
190 53 1040 52
190 70 480 24
190 87 1960 98
190 106 2140 107
190 114 14100 705
190 121 2400 690
190 129 4000 200
190 152 600 30
190 163 5020 251
190 191 1160 58
190 199 2400 176
191 38 2400 155
191 48 8080 404
191 115 2400 668
191 119 2400 371
191 164 2400 218
191 167 2400 346
191 192 320 16
192 1 2400 342
192 61 11380 569
192 74 2400 654
192 99 9220 461
192 110 12640 632
192 130 1220 61
192 169 8860 443
192 171 2400 624
192 193 420 21
192 195 2400 163
193 2 2400 350
193 6 14200 710
193 15 8780 439
193 45 600 30
193 47 3560 178
193 73 10300 515
193 88 8000 400
193 98 6320 316
193 108 2400 450
193 113 2320 116
193 120 7040 352
193 166 2480 124
193 194 900 45
194 1 2400 206
194 7 2400 687
194 61 8660 433
194 74 2400 518
194 99 6500 325
194 110 9920 496
194 169 6140 307
194 171 2400 488
194 195 540 27
195 0 2460 123
195 3 6240 312
195 5 2400 524
195 16 10880 544
195 60 6900 345
195 63 14060 703
195 71 1440 72
195 72 2400 317
195 75 10260 513
195 91 13160 658
195 101 2400 535
195 109 8360 418
195 111 2400 638
195 116 2400 484
195 141 11740 587
195 168 3940 197
196 11 2400 190
196 13 2400 321
196 42 6020 301
196 59 2400 366
196 81 2400 278
196 182 2860 143
196 186 380 19
196 189 2400 337
196 197 560 28
197 14 2400 327
197 57 2140 107
198 4 2400 706
198 46 2400 266
198 49 2400 572
198 89 2400 638
198 100 12860 643
198 114 11400 570
198 121 2400 555
198 129 1300 65
198 163 2320 116
198 170 12300 615
198 199 820 41
199 2 2400 420
199 15 10180 509
199 45 2000 100
199 47 4960 248
199 73 11700 585
199 88 9400 470
199 98 7720 386
199 108 2400 520
199 113 3720 186
199 120 8440 422
199 166 3880 194
199 194 2300 115
