// The instance basic information 
nbCities:5; nbDepots:2; size:180 180;nbTrips:250;nbCombinedTrips62;planningHorizon:0-1440;maxDriving:540;maxWorking:720
// The number of cities is 
5
// The number of depots is 
2
// The max number of vehicles is 
52
// The max number of drivers is 
52
// The number of trips is 
250
// The minPlanTime is 
15
// The short Time for driver is 
20
// The short Time for vehicle is 
20
// The maximum driving time is 
540
// The maximum working time is 
720
// The cost of using driver is 
4000
// The cost of using vehicle is 
100000
// The cost of driver changeover penalty per change is 
30
// The max percentage of combined trips is  
0.25
// The maxPlanTime is 
720

//Here are the cities: idOfCity 	 nameOfCity 	 coordinateX 	 coordinateY 
0 C0 132 25
1 C1 88 121
2 C2 95 55
3 C3 78 86
4 C4 113 57
//Depots:  
// idOfDepot  	 indexOfDepotAsStartingPoint 	 indexOfDepotAsEndingPoint 	 idCityAsDepot
0 250 252 3
1 251 253 4
//Trips: idOfTrip 	 idOfStartCity 	 idEndCity	 departureTime 	 arrivalTime 	 nbCombinedVehicleInThisTrip
0 4 2 458 476 1
1 2 3 496 531 1
2 3 4 560 605 2
3 4 1 647 715 2
4 1 4 769 837 2
5 4 3 859 904 1
6 3 2 920 955 1
7 2 4 977 995 2
8 4 3 694 739 1
9 3 0 765 846 1
10 0 2 879 926 2
11 4 3 1054 1099 1
12 3 4 1153 1198 1
13 4 1 588 656 1
14 4 1 878 946 2
15 1 4 1005 1073 1
16 3 2 704 739 2
17 2 3 784 819 1
18 3 0 840 921 2
19 0 2 948 995 1
20 2 3 1013 1048 1
21 3 1 1099 1135 2
22 1 3 1188 1224 1
23 4 2 384 402 2
24 2 0 425 472 2
25 0 1 496 601 1
26 1 0 616 721 1
27 0 4 747 784 2
28 4 0 824 861 1
29 0 4 876 913 1
30 4 2 10 28 1
31 2 1 70 136 2
32 1 0 186 291 2
33 0 4 320 357 2
34 2 0 427 474 1
35 0 4 506 543 2
36 3 4 472 517 2
37 1 2 739 805 2
38 2 1 842 908 2
39 1 3 948 984 2
40 3 1 34 70 1
41 0 1 313 418 1
42 1 4 433 501 1
43 4 3 528 573 2
44 4 1 460 528 2
45 1 2 556 622 2
46 2 4 669 687 1
47 4 0 702 739 1
48 2 4 950 968 2
49 4 2 532 550 2
50 2 3 588 623 2
51 2 1 770 836 2
52 3 4 1018 1063 2
53 3 2 703 738 2
54 1 2 865 931 2
55 2 1 969 1035 1
56 1 3 1067 1103 1
57 3 4 1132 1177 1
58 4 3 1193 1238 1
59 4 2 532 550 1
60 3 0 666 747 2
61 0 1 803 908 2
62 1 3 949 985 2
63 3 4 1007 1052 1
64 4 0 158 195 1
65 4 2 392 410 2
66 2 3 440 475 2
67 4 2 641 659 1
68 2 4 679 697 1
69 4 0 224 261 2
70 0 3 303 384 2
71 4 2 554 572 1
72 2 4 618 636 2
73 4 2 664 682 1
74 2 4 730 748 2
75 3 0 569 650 1
76 4 0 821 858 2
77 0 4 905 942 1
78 4 3 986 1031 1
79 4 2 128 146 1
80 2 0 174 221 1
81 3 1 436 472 1
82 2 4 644 662 2
83 3 2 240 275 2
84 0 1 521 626 1
85 1 2 646 712 1
86 2 3 730 765 1
87 3 4 94 139 1
88 0 1 313 418 2
89 1 3 457 493 1
90 3 1 536 572 1
91 1 3 587 623 1
92 4 3 629 674 2
93 2 4 759 777 2
94 1 3 990 1026 1
95 3 1 1045 1081 1
96 1 4 1099 1167 1
97 4 2 13 31 1
98 1 3 183 219 2
99 2 4 298 316 2
100 2 3 434 469 1
101 3 4 500 545 2
102 3 1 450 486 2
103 1 0 511 616 1
104 0 1 635 740 1
105 2 3 953 988 1
106 4 1 600 668 1
107 2 1 843 909 2
108 3 1 1014 1050 1
109 1 4 1066 1134 1
110 4 2 152 170 1
111 4 3 355 400 2
112 4 2 575 593 1
113 3 1 660 696 1
114 1 2 715 781 1
115 1 3 956 992 1
116 1 3 1159 1195 1
117 3 0 420 501 1
118 0 3 521 602 1
119 0 1 789 894 2
120 1 3 919 955 1
121 4 0 580 617 1
122 0 4 668 705 2
123 0 3 892 973 1
124 3 4 375 420 2
125 3 1 621 657 2
126 1 0 713 818 1
127 0 3 833 914 1
128 3 2 428 463 1
129 2 0 479 526 1
130 4 0 744 781 1
131 1 3 929 965 1
132 3 4 276 321 1
133 1 2 584 650 2
134 4 3 770 815 2
135 3 0 602 683 1
136 1 2 919 985 1
137 2 1 1011 1077 1
138 1 3 1103 1139 1
139 3 2 378 413 1
140 3 1 497 533 2
141 2 4 681 699 1
142 3 0 209 290 1
143 1 2 443 509 1
144 4 3 670 715 1
145 4 0 586 623 1
146 0 3 665 746 2
147 0 2 958 1005 1
148 2 4 1027 1045 1
149 4 2 1060 1078 1
150 2 4 1102 1120 2
151 3 4 533 578 1
152 3 2 706 741 1
153 1 4 942 1010 1
154 4 3 1027 1072 1
155 3 0 125 206 1
156 0 4 221 258 1
157 3 4 430 475 1
158 2 4 583 601 1
159 4 3 616 661 1
160 4 1 33 101 1
161 3 0 255 336 2
162 0 3 372 453 1
163 3 2 473 508 1
164 2 4 535 553 1
165 3 0 102 183 1
166 0 4 222 259 1
167 4 3 298 343 1
168 1 4 510 578 1
169 4 3 594 639 1
170 3 2 657 692 1
171 4 2 832 850 2
172 4 2 1008 1026 1
173 4 3 1148 1193 1
174 4 3 445 490 1
175 1 4 713 781 1
176 2 4 876 894 1
177 4 2 912 930 1
178 2 4 963 981 1
179 3 1 236 272 1
180 1 3 294 330 1
181 4 0 479 516 1
182 4 3 107 152 1
183 0 3 392 473 1
184 1 4 570 638 1
185 4 1 209 277 1
186 1 0 323 428 1
187 4 2 570 588 1
188 2 0 642 689 1
189 0 4 709 746 1
190 4 0 461 498 1
191 0 1 529 634 1
192 1 0 654 759 1
193 0 2 792 839 1
194 2 0 880 927 1
195 0 4 962 999 1
196 3 1 156 192 1
197 1 3 208 244 1
198 3 0 280 361 1
199 0 2 418 465 1
200 2 4 508 526 1
201 4 0 562 599 1
202 0 3 614 695 1
203 4 1 563 631 1
204 1 2 689 755 1
205 2 4 796 814 1
206 4 3 870 915 1
207 3 2 948 983 1
208 2 4 1015 1033 1
209 4 2 1048 1066 1
210 2 4 1081 1099 1
211 4 1 61 129 1
212 1 4 177 245 1
213 4 2 283 301 1
214 2 3 335 370 1
215 3 0 412 493 1
216 0 2 511 558 1
217 2 4 581 599 1
218 3 4 591 636 1
219 4 0 694 731 1
220 0 2 783 830 1
221 2 0 864 911 1
222 0 2 961 1008 1
223 2 4 1045 1063 1
224 4 3 1084 1129 1
225 4 1 326 394 1
226 1 4 426 494 1
227 4 1 518 586 1
228 1 4 620 688 1
229 4 0 730 767 1
230 0 2 782 829 1
231 2 4 847 865 1
232 3 0 17 98 1
233 0 1 130 235 1
234 1 0 268 373 1
235 0 4 405 442 1
236 4 2 468 486 1
237 2 3 505 540 1
238 4 1 493 561 1
239 1 2 608 674 1
240 2 0 696 743 1
241 0 4 781 818 1
242 4 2 844 862 1
243 2 3 888 923 1
244 3 2 963 998 1
245 2 4 1014 1032 1
246 4 2 135 153 1
247 2 4 169 187 1
248 4 3 345 390 1
249 3 4 443 488 1
//Vehicles: idOfVehicle idOfStartingDepot nbTrips
0 -1 250
1 -1 250
2 -1 250
3 -1 250
4 -1 250
5 -1 250
6 -1 250
7 -1 250
8 -1 250
9 -1 250
10 -1 250
11 -1 250
12 -1 250
13 -1 250
14 -1 250
15 -1 250
16 -1 250
17 -1 250
18 -1 250
19 -1 250
20 -1 250
21 -1 250
22 -1 250
23 -1 250
24 -1 250
25 -1 250
26 -1 250
27 -1 250
28 -1 250
29 -1 250
30 -1 250
31 -1 250
32 -1 250
33 -1 250
34 -1 250
35 -1 250
36 -1 250
37 -1 250
38 -1 250
39 -1 250
40 -1 250
41 -1 250
42 -1 250
43 -1 250
44 -1 250
45 -1 250
46 -1 250
47 -1 250
48 -1 250
49 -1 250
50 -1 250
51 -1 250
//Drivers :idOfDriver idOfStartingDepot idOfEndingDepot nbTrips
0 -1 250
1 -1 250
2 -1 250
3 -1 250
4 -1 250
5 -1 250
6 -1 250
7 -1 250
8 -1 250
9 -1 250
10 -1 250
11 -1 250
12 -1 250
13 -1 250
14 -1 250
15 -1 250
16 -1 250
17 -1 250
18 -1 250
19 -1 250
20 -1 250
21 -1 250
22 -1 250
23 -1 250
24 -1 250
25 -1 250
26 -1 250
27 -1 250
28 -1 250
29 -1 250
30 -1 250
31 -1 250
32 -1 250
33 -1 250
34 -1 250
35 -1 250
36 -1 250
37 -1 250
38 -1 250
39 -1 250
40 -1 250
41 -1 250
42 -1 250
43 -1 250
44 -1 250
45 -1 250
46 -1 250
47 -1 250
48 -1 250
49 -1 250
50 -1 250
51 -1 250
//Graph arcs for trips can be performed successively: 
// idStartTrip idEndTrip costForVehicle costForDriver
0 1 400 20
0 7 2400 501
0 17 2400 308
0 20 2400 537
0 38 7320 366
0 46 2400 193
0 48 2400 474
0 50 2240 112
0 51 5880 294
0 55 9860 493
0 68 2400 203
0 72 2400 142
0 74 2400 254
0 82 2400 168
0 86 2400 254
0 93 2400 283
0 105 2400 477
0 107 7340 367
0 137 10700 535
0 141 2400 205
0 148 2400 551
0 150 2400 626
0 158 2140 107
0 164 1180 59
0 176 2400 400
0 178 2400 487
0 188 3320 166
0 194 8080 404
0 200 640 32
0 205 2400 320
0 208 2400 539
0 210 2400 605
0 217 2100 105
0 221 7760 388
0 223 2400 569
0 231 2400 371
0 237 580 29
0 240 4400 220
0 243 2400 412
0 245 2400 538
1 2 580 29
1 6 7780 389
1 9 4680 234
1 12 2400 622
1 16 3460 173
1 18 6180 309
1 21 11360 568
1 52 2400 487
1 53 3440 172
1 57 2400 601
1 60 2700 135
1 63 2400 476
1 75 760 38
1 95 10280 514
1 108 9660 483
1 113 2580 129
1 125 1800 90
1 135 1420 71
1 152 3500 175
1 170 2520 126
1 207 8340 417
1 218 1200 60
1 244 8640 432
2 3 840 42
2 5 2400 254
2 8 1780 89
2 11 2400 449
2 14 5460 273
2 28 4380 219
2 47 1940 97
2 58 2400 588
2 67 720 36
2 73 1180 59
2 76 4320 216
2 78 2400 381
2 92 480 24
2 130 2780 139
2 134 2400 165
2 144 1300 65
2 149 9100 455
2 154 2400 422
2 171 4540 227
2 172 8060 403
2 173 2400 543
2 177 6140 307
2 206 2400 265
2 209 8860 443
2 219 1780 89
2 224 2400 479
2 229 2500 125
2 242 4780 239
3 4 1080 54
3 15 2400 290
3 22 2400 473
3 37 480 24
3 39 2400 233
3 54 3000 150
3 56 2400 352
3 62 2400 234
3 94 2400 275
3 96 2400 384
3 109 2400 351
3 115 2400 241
3 116 2400 444
3 120 2400 204
3 131 2400 214
3 136 4080 204
3 138 2400 388
3 153 2400 227
4 5 440 22
4 11 2400 217
4 14 820 41
4 58 2400 356
4 78 2400 149
4 149 4460 223
4 154 2400 190
4 172 3420 171
4 173 2400 311
4 177 1500 75
4 206 660 33
4 209 4220 211
4 224 2400 247
5 6 320 16
5 12 2400 249
5 21 3900 195
5 52 2280 114
5 57 2400 228
5 63 2060 103
5 95 2820 141
5 108 2200 110
5 207 880 44
5 244 1180 59
6 7 440 22
6 20 1160 58
6 137 1120 56
6 148 1440 72
6 150 2400 147
6 208 1200 60
6 210 2400 126
6 223 1800 90
6 245 1180 59
7 11 1180 59
7 58 2400 198
7 149 1300 65
7 154 640 32
7 173 2400 153
7 209 1060 53
7 224 1780 89
8 6 3620 181
8 9 520 26
8 12 2400 414
8 18 2020 101
8 21 7200 360
8 52 2400 279
8 57 2400 393
8 63 2400 268
8 95 6120 306
8 108 5500 275
8 207 4180 209
8 244 4480 224
9 10 660 33
9 19 2040 102
9 29 600 30
9 77 1180 59
9 123 920 46
9 147 2240 112
9 195 2320 116
9 222 2300 115
10 7 1020 51
10 20 1740 87
10 48 480 24
10 55 860 43
10 105 540 27
10 137 1700 85
10 148 2020 101
10 150 2400 176
10 178 740 37
10 208 1780 89
10 210 2400 155
10 223 2380 119
10 245 1760 88
11 12 1080 54
11 57 660 33
13 4 2260 113
13 15 2400 349
13 22 2400 532
13 37 1660 83
13 39 2400 292
13 54 4180 209
13 56 2400 411
13 62 2400 293
13 94 2400 334
13 96 2400 443
13 109 2400 410
13 114 1180 59
13 115 2400 300
13 116 2400 503
13 120 2400 263
13 126 1140 57
13 131 2400 273
13 136 5260 263
13 138 2400 447
13 153 2400 286
13 175 1140 57
13 204 660 33
14 15 1180 59
14 22 2400 242
14 56 2400 121
14 94 880 44
14 96 2400 153
14 109 2400 120
14 116 2400 213
14 138 2400 157
15 58 2400 120
15 173 1500 75
16 7 2400 238
16 17 900 45
16 20 2400 274
16 38 2060 103
16 48 2400 211
16 51 620 31
16 55 4600 230
16 93 400 20
16 105 2400 214
16 107 2080 104
16 137 5440 272
16 148 2400 288
16 150 2400 363
16 176 2400 137
16 178 2400 224
16 194 2820 141
16 205 1140 57
16 208 2400 276
16 210 2400 342
16 221 2500 125
16 223 2400 306
16 231 2160 108
16 243 2400 149
16 245 2400 275
17 6 2020 101
17 12 2400 334
17 18 420 21
17 21 5600 280
17 52 2400 199
17 57 2400 313
17 63 2400 188
17 95 4520 226
17 108 3900 195
17 207 2580 129
17 244 2880 144
18 19 540 27
18 147 740 37
18 195 820 41
18 222 800 40
19 20 360 18
19 137 320 16
19 148 640 32
19 150 2140 107
19 208 400 20
19 210 1720 86
19 223 1000 50
19 245 380 19
20 12 2100 105
20 21 1020 51
20 57 1680 84
21 22 1060 53
21 116 480 24
23 1 1880 94
23 7 2400 575
23 17 2400 382
23 20 2400 611
23 24 460 23
23 34 500 25
23 38 8800 440
23 46 2400 267
23 48 2400 548
23 50 2400 186
23 51 7360 368
23 55 11340 567
23 66 760 38
23 68 2400 277
23 72 2400 216
23 74 2400 328
23 82 2400 242
23 86 2400 328
23 93 2400 357
23 100 640 32
23 105 2400 551
23 107 8820 441
23 129 1540 77
23 137 12180 609
23 141 2400 279
23 148 2400 625
23 150 2400 700
23 158 2400 181
23 164 2400 133
23 176 2400 474
23 178 2400 561
23 188 4800 240
23 194 9560 478
23 200 2120 106
23 205 2400 394
23 208 2400 613
23 210 2400 679
23 217 2400 179
23 221 9240 462
23 223 2400 643
23 231 2400 445
23 237 2060 103
23 240 5880 294
23 243 2400 486
23 245 2400 612
24 10 8140 407
24 19 9520 476
24 25 480 24
24 27 2400 275
24 29 2400 404
24 35 680 34
24 61 6620 331
24 77 2400 433
24 84 980 49
24 104 3260 163
24 118 980 49
24 119 6340 317
24 122 2400 196
24 123 2400 420
24 127 2400 361
24 146 2400 193
24 147 9720 486
24 189 2400 237
24 191 1140 57
24 193 6400 320
24 195 2400 490
24 202 2400 142
24 216 780 39
24 220 6220 311
24 222 9780 489
24 230 6200 310
24 241 2400 309
25 4 2400 168
25 15 2400 404
25 22 2400 587
25 26 300 15
25 37 2760 138
25 39 2400 347
25 54 5280 264
25 56 2400 466
25 62 2400 348
25 85 900 45
25 94 2400 389
25 96 2400 498
25 109 2400 465
25 114 2280 114
25 115 2400 355
25 116 2400 558
25 120 2400 318
25 126 2240 112
25 131 2400 328
25 136 6360 318
25 138 2400 502
25 153 2400 341
25 175 2240 112
25 192 1060 53
25 204 1760 88
25 228 380 19
26 10 3160 158
26 19 4540 227
26 27 520 26
26 29 2400 155
26 61 1640 82
26 77 2400 184
26 119 1360 68
26 123 2400 171
26 127 2240 112
26 147 4740 237
26 193 1420 71
26 195 2400 241
26 220 1240 62
26 222 4800 240
26 230 1220 61
26 241 1200 60
27 5 1500 75
27 11 2400 270
27 14 1880 94
27 28 800 40
27 58 2400 409
27 76 740 37
27 78 2400 202
27 149 5520 276
27 154 2400 243
27 171 960 48
27 172 4480 224
27 173 2400 364
27 177 2560 128
27 206 1720 86
27 209 5280 264
27 224 2400 300
27 242 1200 60
28 10 360 18
28 19 1740 87
28 29 300 15
28 77 880 44
28 123 620 31
28 147 1940 97
28 195 2020 101
28 222 2000 100
29 11 2400 141
29 58 2400 280
29 78 1460 73
29 149 2940 147
29 154 2280 114
29 172 1900 95
29 173 2400 235
29 209 2700 135
29 224 2400 171
30 1 2400 468
30 24 7940 397
30 31 840 42
30 34 7980 399
30 46 2400 641
30 50 2400 560
30 66 2400 412
30 68 2400 651
30 72 2400 590
30 74 2400 702
30 80 2920 146
30 82 2400 616
30 86 2400 702
30 99 2400 270
30 100 2400 406
30 129 9020 451
30 141 2400 653
30 158 2400 555
30 164 2400 507
30 188 12280 614
30 200 2400 480
30 214 2400 307
30 217 2400 553
30 237 2400 477
30 240 13360 668
30 247 2400 141
31 4 2400 633
31 26 9600 480
31 32 1000 50
31 37 12060 603
31 42 2400 297
31 45 8400 420
31 85 10200 510
31 89 2400 321
31 91 2400 451
31 98 940 47
31 103 7500 375
31 114 11580 579
31 126 11540 577
31 133 8960 448
31 143 6140 307
31 168 2400 374
31 175 2400 577
31 180 2400 158
31 184 2400 434
31 186 3740 187
31 192 10360 518
31 197 1440 72
31 204 11060 553
31 212 820 41
31 226 2400 290
31 228 2400 484
31 234 2640 132
31 239 9440 472
32 10 11760 588
32 19 13140 657
32 25 4100 205
32 27 2400 456
32 29 2400 585
32 33 580 29
32 35 2400 215
32 41 440 22
32 61 10240 512
32 77 2400 614
32 84 4600 230
32 88 440 22
32 104 6880 344
32 118 2400 230
32 119 9960 498
32 122 2400 377
32 123 2400 601
32 127 2400 542
32 146 2400 374
32 147 13340 667
32 162 1620 81
32 183 2020 101
32 189 2400 418
32 191 4760 238
32 193 10020 501
32 195 2400 671
32 199 2540 127
32 202 2400 323
32 216 4400 220
32 220 9840 492
32 222 13400 670
32 230 9820 491
32 235 2280 114
32 241 2400 490
33 0 2020 101
33 3 5800 290
33 5 2400 502
33 8 2400 337
33 11 2400 697
33 13 4620 231
33 14 10420 521
33 23 540 27
33 28 9340 467
33 43 2400 171
33 44 2060 103
33 47 6900 345
33 49 3500 175
33 59 3500 175
33 65 700 35
33 67 5680 284
33 71 3940 197
33 73 6140 307
33 76 9280 464
33 78 2400 629
33 92 2400 272
33 106 4860 243
33 112 4360 218
33 121 4460 223
33 130 7740 387
33 134 2400 413
33 144 2400 313
33 145 4580 229
33 149 14060 703
33 154 2400 670
33 159 2400 259
33 169 2400 237
33 171 9500 475
33 172 13020 651
33 174 1760 88
33 177 11100 555
33 181 2440 122
33 187 4260 213
33 190 2080 104
33 201 4100 205
33 203 4120 206
33 206 2400 513
33 209 13820 691
33 219 6740 337
33 227 3220 161
33 229 7460 373
33 236 2220 111
33 238 2720 136
33 242 9740 487
34 10 8100 405
34 19 9480 474
34 25 440 22
34 27 2400 273
34 29 2400 402
34 35 640 32
34 61 6580 329
34 77 2400 431
34 84 940 47
34 104 3220 161
34 118 940 47
34 119 6300 315
34 122 2400 194
34 123 2400 418
34 127 2400 359
34 146 2400 191
34 147 9680 484
34 189 2400 235
34 191 1100 55
34 193 6360 318
34 195 2400 488
34 202 2400 140
34 216 740 37
34 220 6180 309
34 222 9740 487
34 230 6160 308
34 241 2400 307
35 3 2080 104
35 5 2400 316
35 8 2400 151
35 11 2400 511
35 13 900 45
35 14 6700 335
35 28 5620 281
35 47 3180 159
35 58 2400 650
35 67 1960 98
35 73 2420 121
35 76 5560 278
35 78 2400 443
35 92 1720 86
35 106 1140 57
35 112 640 32
35 121 740 37
35 130 4020 201
35 134 2400 227
35 144 2400 127
35 145 860 43
35 149 10340 517
35 154 2400 484
35 159 1460 73
35 169 1020 51
35 171 5780 289
35 172 9300 465
35 173 2400 605
35 177 7380 369
35 187 540 27
35 201 380 19
35 203 400 20
35 206 2400 327
35 209 10100 505
35 219 3020 151
35 224 2400 541
35 229 3740 187
35 242 6020 301
36 3 2600 130
36 5 2400 342
36 8 2400 177
36 11 2400 537
36 13 1420 71
36 14 7220 361
36 28 6140 307
36 47 3700 185
36 49 300 15
36 58 2400 676
36 59 300 15
36 67 2480 124
36 71 740 37
36 73 2940 147
36 76 6080 304
36 78 2400 469
36 92 2240 112
36 106 1660 83
36 112 1160 58
36 121 1260 63
36 130 4540 227
36 134 2400 253
36 144 2400 153
36 145 1380 69
36 149 10860 543
36 154 2400 510
36 159 1980 99
36 169 1540 77
36 171 6300 315
36 172 9820 491
36 173 2400 631
36 177 7900 395
36 187 1060 53
36 201 900 45
36 203 920 46
36 206 2400 353
36 209 10620 531
36 219 3540 177
36 224 2400 567
36 229 4260 213
36 242 6540 327
37 7 2400 172
37 20 2400 208
37 38 740 37
37 48 2400 145
37 55 3280 164
37 105 2400 148
37 107 760 38
37 137 4120 206
37 148 2400 222
37 150 2400 297
37 176 1420 71
37 178 2400 158
37 194 1500 75
37 208 2400 210
37 210 2400 276
37 221 1180 59
37 223 2400 240
37 231 840 42
37 243 1660 83
37 245 2400 209
38 15 1940 97
38 22 2400 280
38 39 800 40
38 56 2400 159
38 62 820 41
38 94 1640 82
38 96 2400 191
38 109 2400 158
38 115 960 48
38 116 2400 251
38 131 420 21
38 138 2400 195
38 153 680 34
39 12 2400 169
39 21 2300 115
39 52 680 34
39 57 2400 148
39 63 460 23
39 95 1220 61
39 108 600 30
40 4 2400 699
40 26 10920 546
40 32 2320 116
40 37 13380 669
40 42 2400 363
40 45 9720 486
40 85 11520 576
40 89 2400 387
40 91 2400 517
40 98 2260 113
40 103 8820 441
40 114 12900 645
40 126 12860 643
40 133 10280 514
40 143 7460 373
40 168 2400 440
40 175 2400 643
40 180 2400 224
40 184 2400 500
40 186 5060 253
40 192 11680 584
40 197 2400 138
40 204 12380 619
40 212 2140 107
40 226 2400 356
40 228 2400 550
40 234 3960 198
40 239 10760 538
41 4 2400 351
41 15 2400 587
41 26 3960 198
41 37 6420 321
41 39 2400 530
41 42 300 15
41 45 2760 138
41 54 8940 447
41 56 2400 649
41 62 2400 531
41 85 4560 228
41 89 780 39
41 91 2400 169
41 94 2400 572
41 96 2400 681
41 103 1860 93
41 109 2400 648
41 114 5940 297
41 115 2400 538
41 120 2400 501
41 126 5900 295
41 131 2400 511
41 133 3320 166
41 136 10020 501
41 138 2400 685
41 143 500 25
41 153 2400 524
41 168 1840 92
41 175 2400 295
41 184 2400 152
41 192 4720 236
41 204 5420 271
41 228 2400 202
41 239 3800 190
42 3 2920 146
42 5 2400 358
42 8 2400 193
42 11 2400 553
42 13 1740 87
42 14 7540 377
42 28 6460 323
42 43 540 27
42 47 4020 201
42 49 620 31
42 58 2400 692
42 59 620 31
42 67 2800 140
42 71 1060 53
42 73 3260 163
42 76 6400 320
42 78 2400 485
42 92 2400 128
42 106 1980 99
42 112 1480 74
42 121 1580 79
42 130 4860 243
42 134 2400 269
42 144 2400 169
42 145 1700 85
42 149 11180 559
42 154 2400 526
42 159 2300 115
42 169 1860 93
42 171 6620 331
42 172 10140 507
42 173 2400 647
42 177 8220 411
42 187 1380 69
42 201 1220 61
42 203 1240 62
42 206 2400 369
42 209 10940 547
42 219 3860 193
42 224 2400 583
42 227 340 17
42 229 4580 229
42 242 6860 343
43 6 6940 347
43 9 3840 192
43 12 2400 580
43 16 2620 131
43 18 5340 267
43 21 10520 526
43 52 2400 445
43 53 2600 130
43 57 2400 559
43 60 1860 93
43 63 2400 434
43 95 9440 472
43 108 8820 441
43 113 1740 87
43 125 960 48
43 135 580 29
43 152 2660 133
43 170 1680 84
43 207 7500 375
43 218 360 18
43 244 7800 390
44 4 2400 241
44 15 2400 477
44 22 2400 660
44 26 1760 88
44 37 4220 211
44 39 2400 420
44 45 560 28
44 54 6740 337
44 56 2400 539
44 62 2400 421
44 85 2360 118
44 91 1180 59
44 94 2400 462
44 96 2400 571
44 109 2400 538
44 114 3740 187
44 115 2400 428
44 116 2400 631
44 120 2400 391
44 126 3700 185
44 131 2400 401
44 133 1120 56
44 136 7820 391
44 138 2400 575
44 153 2400 414
44 175 2400 185
44 184 840 42
44 192 2520 126
44 204 3220 161
44 228 1840 92
44 239 1600 80
45 7 2400 355
45 17 2400 162
45 20 2400 391
45 38 4400 220
45 46 940 47
45 48 2400 328
45 51 2960 148
45 55 6940 347
45 68 1140 57
45 74 2160 108
45 82 440 22
45 86 2160 108
45 93 2400 137
45 105 2400 331
45 107 4420 221
45 137 7780 389
45 141 1180 59
45 148 2400 405
45 150 2400 480
45 176 2400 254
45 178 2400 341
45 188 400 20
45 194 5160 258
45 205 2400 174
45 208 2400 393
45 210 2400 459
45 221 4840 242
45 223 2400 423
45 231 2400 225
45 240 1480 74
45 243 2400 266
45 245 2400 392
46 5 2400 172
46 11 2400 367
46 14 3820 191
46 28 2740 137
46 47 300 15
46 58 2400 506
46 76 2680 134
46 78 2400 299
46 130 1140 57
46 134 1660 83
46 149 7460 373
46 154 2400 340
46 171 2900 145
46 172 6420 321
46 173 2400 461
46 177 4500 225
46 206 2400 183
46 209 7220 361
46 224 2400 397
46 229 860 43
46 242 3140 157
47 10 2800 140
47 19 4180 209
47 29 2400 137
47 61 1280 64
47 77 2400 166
47 119 1000 50
47 123 2400 153
47 127 1880 94
47 147 4380 219
47 193 1060 53
47 195 2400 223
47 220 880 44
47 222 4440 222
47 230 860 43
47 241 840 42
48 11 1720 86
48 58 2400 225
48 78 360 18
48 149 1840 92
48 154 1180 59
48 172 800 40
48 173 2400 180
48 209 1600 80
48 224 2320 116
49 7 2400 427
49 17 2400 234
49 20 2400 463
49 38 5840 292
49 46 2380 119
49 48 2400 400
49 50 760 38
49 51 4400 220
49 55 8380 419
49 68 2400 129
49 72 1360 68
49 74 2400 180
49 82 1880 94
49 86 2400 180
49 93 2400 209
49 105 2400 403
49 107 5860 293
49 137 9220 461
49 141 2400 131
49 148 2400 477
49 150 2400 552
49 158 660 33
49 176 2400 326
49 178 2400 413
49 188 1840 92
49 194 6600 330
49 205 2400 246
49 208 2400 465
49 210 2400 531
49 217 620 31
49 221 6280 314
49 223 2400 495
49 231 2400 297
49 240 2920 146
49 243 2400 338
49 245 2400 464
50 6 5940 297
50 9 2840 142
50 12 2400 530
50 16 1620 81
50 18 4340 217
50 21 9520 476
50 52 2400 395
50 53 1600 80
50 57 2400 509
50 60 860 43
50 63 2400 384
50 95 8440 422
50 108 7820 391
50 113 740 37
50 152 1660 83
50 170 680 34
50 207 6500 325
50 244 6800 340
51 15 2400 169
51 22 2400 352
51 39 2240 112
51 54 580 29
51 56 2400 231
51 62 2260 113
51 94 2400 154
51 96 2400 263
51 109 2400 230
51 115 2400 120
51 116 2400 323
51 120 1660 83
51 131 1860 93
51 136 1660 83
51 138 2400 267
51 153 2120 106
52 58 2400 130
52 173 1700 85
52 224 420 21
53 7 2400 239
53 17 920 46
53 20 2400 275
53 38 2080 104
53 48 2400 212
53 51 640 32
53 55 4620 231
53 93 420 21
53 105 2400 215
53 107 2100 105
53 137 5460 273
53 148 2400 289
53 150 2400 364
53 176 2400 138
53 178 2400 225
53 194 2840 142
53 205 1160 58
53 208 2400 277
53 210 2400 343
53 221 2520 126
53 223 2400 307
53 231 2180 109
53 243 2400 150
53 245 2400 276
54 7 920 46
54 20 1640 82
54 48 380 19
54 55 760 38
54 105 440 22
54 137 1600 80
54 148 1920 96
54 150 2400 171
54 178 640 32
54 208 1680 84
54 210 2400 150
54 223 2280 114
54 245 1660 83
55 22 2400 153
55 56 640 32
55 96 1280 64
55 109 620 31
55 116 2400 124
55 138 1360 68
56 12 1000 50
56 57 580 29
57 58 320 16
59 7 2400 427
59 17 2400 234
59 20 2400 463
59 38 5840 292
59 46 2380 119
59 48 2400 400
59 50 760 38
59 51 4400 220
59 55 8380 419
59 68 2400 129
59 72 1360 68
59 74 2400 180
59 82 1880 94
59 86 2400 180
59 93 2400 209
59 105 2400 403
59 107 5860 293
59 137 9220 461
59 141 2400 131
59 148 2400 477
59 150 2400 552
59 158 660 33
59 176 2400 326
59 178 2400 413
59 188 1840 92
59 194 6600 330
59 205 2400 246
59 208 2400 465
59 210 2400 531
59 217 620 31
59 221 6280 314
59 223 2400 495
59 231 2400 297
59 240 2920 146
59 243 2400 338
59 245 2400 464
60 10 2640 132
60 19 4020 201
60 29 2400 129
60 61 1120 56
60 77 2400 158
60 119 840 42
60 123 2400 145
60 127 1720 86
60 147 4220 211
60 193 900 45
60 195 2400 215
60 220 720 36
60 222 4280 214
60 230 700 35
60 241 680 34
61 15 1940 97
61 22 2400 280
61 39 800 40
61 56 2400 159
61 62 820 41
61 94 1640 82
61 96 2400 191
61 109 2400 158
61 115 960 48
61 116 2400 251
61 131 420 21
61 138 2400 195
61 153 680 34
62 12 2400 168
62 21 2280 114
62 52 660 33
62 57 2400 147
62 63 440 22
62 95 1200 60
62 108 580 29
63 58 2400 141
63 173 1920 96
63 224 640 32
64 10 13680 684
64 25 6020 301
64 27 2400 552
64 29 2400 681
64 33 2400 125
64 35 2400 311
64 41 2360 118
64 61 12160 608
64 70 2160 108
64 77 2400 710
64 84 6520 326
64 88 2360 118
64 104 8800 440
64 118 2400 326
64 119 11880 594
64 122 2400 473
64 123 2400 697
64 127 2400 638
64 146 2400 470
64 156 520 26
64 162 2400 177
64 166 540 27
64 183 2400 197
64 189 2400 514
64 191 6680 334
64 193 11940 597
64 199 4460 223
64 202 2400 419
64 216 6320 316
64 220 11760 588
64 230 11740 587
64 235 2400 210
64 241 2400 586
65 1 1720 86
65 7 2400 567
65 17 2400 374
65 20 2400 603
65 24 300 15
65 34 340 17
65 38 8640 432
65 46 2400 259
65 48 2400 540
65 50 2400 178
65 51 7200 360
65 55 11180 559
65 66 600 30
65 68 2400 269
65 72 2400 208
65 74 2400 320
65 82 2400 234
65 86 2400 320
65 93 2400 349
65 100 480 24
65 105 2400 543
65 107 8660 433
65 129 1380 69
65 137 12020 601
65 141 2400 271
65 148 2400 617
65 150 2400 692
65 158 2400 173
65 164 2400 125
65 176 2400 466
65 178 2400 553
65 188 4640 232
65 194 9400 470
65 200 1960 98
65 205 2400 386
65 208 2400 605
65 210 2400 671
65 217 2400 171
65 221 9080 454
65 223 2400 635
65 231 2400 437
65 237 1900 95
65 240 5720 286
65 243 2400 478
65 245 2400 604
66 2 1700 85
66 6 8900 445
66 9 5800 290
66 12 2400 678
66 16 4580 229
66 18 7300 365
66 21 12480 624
66 52 2400 543
66 53 4560 228
66 57 2400 657
66 60 3820 191
66 63 2400 532
66 75 1880 94
66 90 1220 61
66 95 11400 570
66 101 500 25
66 108 10780 539
66 113 3700 185
66 125 2920 146
66 135 2540 127
66 140 440 22
66 151 1160 58
66 152 4620 231
66 170 3640 182
66 207 9460 473
66 218 2320 116
66 244 9760 488
67 7 2400 318
67 17 2400 125
67 20 2400 354
67 38 3660 183
67 48 2400 291
67 51 2220 111
67 55 6200 310
67 68 400 20
67 74 1420 71
67 86 1420 71
67 93 2000 100
67 105 2400 294
67 107 3680 184
67 137 7040 352
67 141 440 22
67 148 2400 368
67 150 2400 443
67 176 2400 217
67 178 2400 304
67 194 4420 221
67 205 2400 137
67 208 2400 356
67 210 2400 422
67 221 4100 205
67 223 2400 386
67 231 2400 188
67 240 740 37
67 243 2400 229
67 245 2400 355
68 5 2400 162
68 11 2400 357
68 14 3620 181
68 28 2540 127
68 58 2400 496
68 76 2480 124
68 78 2400 289
68 130 940 47
68 134 1460 73
68 149 7260 363
68 154 2400 330
68 171 2700 135
68 172 6220 311
68 173 2400 451
68 177 4300 215
68 206 2400 173
68 209 7020 351
68 224 2400 387
68 229 660 33
68 242 2940 147
69 10 12360 618
69 19 13740 687
69 25 4700 235
69 27 2400 486
69 29 2400 615
69 33 1180 59
69 35 2400 245
69 41 1040 52
69 61 10840 542
69 70 840 42
69 77 2400 644
69 84 5200 260
69 88 1040 52
69 104 7480 374
69 118 2400 260
69 119 10560 528
69 122 2400 407
69 123 2400 631
69 127 2400 572
69 146 2400 404
69 147 13940 697
69 162 2220 111
69 183 2400 131
69 189 2400 448
69 191 5360 268
69 193 10620 531
69 195 2400 701
69 199 3140 157
69 202 2400 353
69 216 5000 250
69 220 10440 522
69 222 14000 700
69 230 10420 521
69 235 2400 144
69 241 2400 520
70 2 2400 176
70 6 10720 536
70 9 7620 381
70 16 6400 320
70 18 9120 456
70 21 14300 715
70 36 1760 88
70 52 2400 634
70 53 6380 319
70 60 5640 282
70 63 2400 623
70 75 3700 185
70 81 1040 52
70 90 3040 152
70 95 13220 661
70 101 2320 116
70 102 1320 66
70 108 12600 630
70 113 5520 276
70 117 720 36
70 125 4740 237
70 128 880 44
70 135 4360 218
70 140 2260 113
70 151 2400 149
70 152 6440 322
70 157 920 46
70 163 1780 89
70 170 5460 273
70 207 11280 564
70 215 560 28
70 218 2400 207
70 244 11580 579
70 249 1180 59
71 7 2400 405
71 17 2400 212
71 20 2400 441
71 38 5400 270
71 46 1940 97
71 48 2400 378
71 50 320 16
71 51 3960 198
71 55 7940 397
71 68 2140 107
71 72 920 46
71 74 2400 158
71 82 1440 72
71 86 2400 158
71 93 2400 187
71 105 2400 381
71 107 5420 271
71 137 8780 439
71 141 2180 109
71 148 2400 455
71 150 2400 530
71 176 2400 304
71 178 2400 391
71 188 1400 70
71 194 6160 308
71 205 2400 224
71 208 2400 443
71 210 2400 509
71 221 5840 292
71 223 2400 473
71 231 2400 275
71 240 2480 124
71 243 2400 316
71 245 2400 442
72 5 2400 223
72 8 1160 58
72 11 2400 418
72 14 4840 242
72 28 3760 188
72 47 1320 66
72 58 2400 557
72 73 560 28
72 76 3700 185
72 78 2400 350
72 130 2160 108
72 134 2400 134
72 144 680 34
72 149 8480 424
72 154 2400 391
72 171 3920 196
72 172 7440 372
72 173 2400 512
72 177 5520 276
72 206 2400 234
72 209 8240 412
72 219 1160 58
72 224 2400 448
72 229 1880 94
72 242 4160 208
73 7 2400 295
73 17 2040 102
73 20 2400 331
73 38 3200 160
73 48 2400 268
73 51 1760 88
73 55 5740 287
73 74 960 48
73 86 960 48
73 93 1540 77
73 105 2400 271
73 107 3220 161
73 137 6580 329
73 148 2400 345
73 150 2400 420
73 176 2400 194
73 178 2400 281
73 194 3960 198
73 205 2280 114
73 208 2400 333
73 210 2400 399
73 221 3640 182
73 223 2400 363
73 231 2400 165
73 243 2400 206
73 245 2400 332
74 5 2220 111
74 11 2400 306
74 14 2600 130
74 28 1520 76
74 58 2400 445
74 76 1460 73
74 78 2400 238
74 134 440 22
74 149 6240 312
74 154 2400 279
74 171 1680 84
74 172 5200 260
74 173 2400 400
74 177 3280 164
74 206 2400 122
74 209 6000 300
74 224 2400 336
74 242 1920 96
75 10 4580 229
75 19 5960 298
75 27 1940 97
75 29 2400 226
75 61 3060 153
75 77 2400 255
75 119 2780 139
75 122 360 18
75 123 2400 242
75 127 2400 183
75 146 300 15
75 147 6160 308
75 189 1180 59
75 193 2840 142
75 195 2400 312
75 220 2660 133
75 222 6220 311
75 230 2640 132
75 241 2400 131
76 10 420 21
76 19 1800 90
76 29 360 18
76 77 940 47
76 123 680 34
76 147 2000 100
76 195 2080 104
76 222 2060 103
77 11 2240 112
77 58 2400 251
77 78 880 44
77 149 2360 118
77 154 1700 85
77 172 1320 66
77 173 2400 206
77 209 2120 106
77 224 2400 142
78 12 2400 122
78 21 1360 68
78 57 2020 101
79 1 2400 350
79 17 2400 638
79 24 5580 279
79 34 5620 281
79 38 13920 696
79 46 2400 523
79 50 2400 442
79 51 12480 624
79 66 2400 294
79 68 2400 533
79 72 2400 472
79 74 2400 584
79 80 560 28
79 82 2400 498
79 86 2400 584
79 93 2400 613
79 99 2400 152
79 100 2400 288
79 107 13940 697
79 129 6660 333
79 141 2400 535
79 158 2400 437
79 164 2400 389
79 188 9920 496
79 200 2400 362
79 205 2400 650
79 214 2400 189
79 217 2400 435
79 221 14360 718
79 231 2400 701
79 237 2400 359
79 240 11000 550
79 247 460 23
80 10 13160 658
80 25 5500 275
80 27 2400 526
80 29 2400 655
80 33 1980 99
80 35 2400 285
80 41 1840 92
80 61 11640 582
80 70 1640 82
80 77 2400 684
80 84 6000 300
80 88 1840 92
80 104 8280 414
80 118 2400 300
80 119 11360 568
80 122 2400 447
80 123 2400 671
80 127 2400 612
80 146 2400 444
80 162 2400 151
80 183 2400 171
80 189 2400 488
80 191 6160 308
80 193 11420 571
80 199 3940 197
80 202 2400 393
80 216 5800 290
80 220 11240 562
80 230 11220 561
80 235 2400 184
80 241 2400 560
81 4 2400 297
81 15 2400 533
81 22 2400 716
81 26 2880 144
81 37 5340 267
81 39 2400 476
81 45 1680 84
81 54 7860 393
81 56 2400 595
81 62 2400 477
81 85 3480 174
81 91 2300 115
81 94 2400 518
81 96 2400 627
81 103 780 39
81 109 2400 594
81 114 4860 243
81 115 2400 484
81 116 2400 687
81 120 2400 447
81 126 4820 241
81 131 2400 457
81 133 2240 112
81 136 8940 447
81 138 2400 631
81 153 2400 470
81 168 760 38
81 175 2400 241
81 184 1960 98
81 192 3640 182
81 204 4340 217
81 228 2400 148
81 239 2720 136
82 5 2400 197
82 8 640 32
82 11 2400 392
82 14 4320 216
82 28 3240 162
82 47 800 40
82 58 2400 531
82 76 3180 159
82 78 2400 324
82 130 1640 82
82 134 2160 108
82 149 7960 398
82 154 2400 365
82 171 3400 170
82 172 6920 346
82 173 2400 486
82 177 5000 250
82 206 2400 208
82 209 7720 386
82 219 640 32
82 224 2400 422
82 229 1360 68
82 242 3640 182
83 1 2400 221
83 7 2400 702
83 17 2400 509
83 24 3000 150
83 34 3040 152
83 38 11340 567
83 46 2400 394
83 48 2400 675
83 50 2400 313
83 51 9900 495
83 55 13880 694
83 66 2400 165
83 68 2400 404
83 72 2400 343
83 74 2400 455
83 82 2400 369
83 86 2400 455
83 93 2400 484
83 99 460 23
83 100 2400 159
83 105 2400 678
83 107 11360 568
83 129 4080 204
83 141 2400 406
83 158 2400 308
83 164 2400 260
83 176 2400 601
83 178 2400 688
83 188 7340 367
83 194 12100 605
83 200 2400 233
83 205 2400 521
83 214 1200 60
83 217 2400 306
83 221 11780 589
83 231 2400 572
83 237 2400 230
83 240 8420 421
83 243 2400 613
84 4 2400 143
84 15 2400 379
84 22 2400 562
84 37 2260 113
84 39 2400 322
84 54 4780 239
84 56 2400 441
84 62 2400 323
84 85 400 20
84 94 2400 364
84 96 2400 473
84 109 2400 440
84 114 1780 89
84 115 2400 330
84 116 2400 533
84 120 2400 293
84 126 1740 87
84 131 2400 303
84 136 5860 293
84 138 2400 477
84 153 2400 316
84 175 1740 87
84 192 560 28
84 204 1260 63
85 7 2400 265
85 17 1440 72
85 20 2400 301
85 38 2600 130
85 48 2400 238
85 51 1160 58
85 55 5140 257
85 74 360 18
85 86 360 18
85 93 940 47
85 105 2400 241
85 107 2620 131
85 137 5980 299
85 148 2400 315
85 150 2400 390
85 176 2400 164
85 178 2400 251
85 194 3360 168
85 205 1680 84
85 208 2400 303
85 210 2400 369
85 221 3040 152
85 223 2400 333
85 231 2400 135
85 243 2400 176
85 245 2400 302
86 6 3100 155
86 12 2400 388
86 18 1500 75
86 21 6680 334
86 52 2400 253
86 57 2400 367
86 63 2400 242
86 95 5600 280
86 108 4980 249
86 207 3660 183
86 244 3960 198
87 0 6380 319
87 3 10160 508
87 5 2400 720
87 8 2400 555
87 13 8980 449
87 23 4900 245
87 28 13700 685
87 43 2400 389
87 44 6420 321
87 47 11260 563
87 49 7860 393
87 59 7860 393
87 64 380 19
87 65 5060 253
87 67 10040 502
87 69 1700 85
87 71 8300 415
87 73 10500 525
87 76 13640 682
87 92 2400 490
87 106 9220 461
87 111 2400 216
87 112 8720 436
87 121 8820 441
87 130 12100 605
87 134 2400 631
87 144 2400 531
87 145 8940 447
87 159 2400 477
87 167 2400 159
87 169 2400 455
87 171 13860 693
87 174 2400 306
87 181 6800 340
87 185 1400 70
87 187 8620 431
87 190 6440 322
87 201 8460 423
87 203 8480 424
87 213 2880 144
87 219 11100 555
87 225 3740 187
87 227 7580 379
87 229 11820 591
87 236 6580 329
87 238 7080 354
87 242 14100 705
87 248 2400 206
88 4 2400 351
88 15 2400 587
88 26 3960 198
88 37 6420 321
88 39 2400 530
88 42 300 15
88 45 2760 138
88 54 8940 447
88 56 2400 649
88 62 2400 531
88 85 4560 228
88 89 780 39
88 91 2400 169
88 94 2400 572
88 96 2400 681
88 103 1860 93
88 109 2400 648
88 114 5940 297
88 115 2400 538
88 120 2400 501
88 126 5900 295
88 131 2400 511
88 133 3320 166
88 136 10020 501
88 138 2400 685
88 143 500 25
88 153 2400 524
88 168 1840 92
88 175 2400 295
88 184 2400 152
88 192 4720 236
88 204 5420 271
88 228 2400 202
88 239 3800 190
89 2 1340 67
89 6 8540 427
89 9 5440 272
89 12 2400 660
89 16 4220 211
89 18 6940 347
89 21 12120 606
89 52 2400 525
89 53 4200 210
89 57 2400 639
89 60 3460 173
89 63 2400 514
89 75 1520 76
89 90 860 43
89 95 11040 552
89 108 10420 521
89 113 3340 167
89 125 2560 128
89 135 2180 109
89 151 800 40
89 152 4260 213
89 170 3280 164
89 207 9100 455
89 218 1960 98
89 244 9400 470
90 4 2400 197
90 15 2400 433
90 22 2400 616
90 26 880 44
90 37 3340 167
90 39 2400 376
90 54 5860 293
90 56 2400 495
90 62 2400 377
90 85 1480 74
90 91 300 15
90 94 2400 418
90 96 2400 527
90 109 2400 494
90 114 2860 143
90 115 2400 384
90 116 2400 587
90 120 2400 347
90 126 2820 141
90 131 2400 357
90 136 6940 347
90 138 2400 531
90 153 2400 370
90 175 2400 141
90 192 1640 82
90 204 2340 117
90 228 960 48
90 239 720 36
91 6 5940 297
91 9 2840 142
91 12 2400 530
91 16 1620 81
91 18 4340 217
91 21 9520 476
91 52 2400 395
91 53 1600 80
91 57 2400 509
91 60 860 43
91 63 2400 384
91 95 8440 422
91 108 7820 391
91 113 740 37
91 152 1660 83
91 170 680 34
91 207 6500 325
91 244 6800 340
92 6 4920 246
92 9 1820 91
92 12 2400 479
92 16 600 30
92 18 3320 166
92 21 8500 425
92 52 2400 344
92 53 580 29
92 57 2400 458
92 63 2400 333
92 95 7420 371
92 108 6800 340
92 152 640 32
92 207 5480 274
92 244 5780 289
93 5 1640 82
93 11 2400 277
93 14 2020 101
93 28 940 47
93 58 2400 416
93 76 880 44
93 78 2400 209
93 149 5660 283
93 154 2400 250
93 171 1100 55
93 172 4620 231
93 173 2400 371
93 177 2700 135
93 206 1860 93
93 209 5420 271
93 224 2400 307
93 242 1340 67
94 12 2400 127
94 21 1460 73
94 57 2120 106
94 95 380 19
95 22 2140 107
95 96 360 18
95 116 1560 78
95 138 440 22
96 58 520 26
97 1 2400 465
97 24 7880 394
97 31 780 39
97 34 7920 396
97 46 2400 638
97 50 2400 557
97 66 2400 409
97 68 2400 648
97 72 2400 587
97 74 2400 699
97 80 2860 143
97 82 2400 613
97 86 2400 699
97 99 2400 267
97 100 2400 403
97 129 8960 448
97 141 2400 650
97 158 2400 552
97 164 2400 504
97 188 12220 611
97 200 2400 477
97 214 2400 304
97 217 2400 550
97 237 2400 474
97 240 13300 665
97 247 2400 138
98 2 2400 341
98 6 14020 701
98 9 10920 546
98 16 9700 485
98 18 12420 621
98 36 2400 253
98 53 9680 484
98 60 8940 447
98 75 7000 350
98 81 4340 217
98 83 420 21
98 90 6340 317
98 101 2400 281
98 102 4620 231
98 113 8820 441
98 117 4020 201
98 124 2400 156
98 125 8040 402
98 128 4180 209
98 132 1140 57
98 135 7660 383
98 139 3180 159
98 140 5560 278
98 151 2400 314
98 152 9740 487
98 157 2400 211
98 161 720 36
98 163 5080 254
98 170 8760 438
98 179 340 17
98 198 1220 61
98 215 3860 193
98 218 2400 372
98 249 2400 224
99 0 2840 142
99 3 6620 331
99 5 2400 543
99 8 2400 378
99 13 5440 272
99 14 11240 562
99 23 1360 68
99 28 10160 508
99 43 2400 212
99 44 2880 144
99 47 7720 386
99 49 4320 216
99 59 4320 216
99 65 1520 76
99 67 6500 325
99 71 4760 238
99 73 6960 348
99 76 10100 505
99 78 2400 670
99 92 2400 313
99 106 5680 284
99 111 780 39
99 112 5180 259
99 121 5280 264
99 130 8560 428
99 134 2400 454
99 144 2400 354
99 145 5400 270
99 154 2400 711
99 159 2400 300
99 169 2400 278
99 171 10320 516
99 172 13840 692
99 174 2400 129
99 177 11920 596
99 181 3260 163
99 187 5080 254
99 190 2900 145
99 201 4920 246
99 203 4940 247
99 206 2400 554
99 219 7560 378
99 227 4040 202
99 229 8280 414
99 236 3040 152
99 238 3540 177
99 242 10560 528
99 248 580 29
100 2 1820 91
100 6 9020 451
100 9 5920 296
100 12 2400 684
100 16 4700 235
100 18 7420 371
100 21 12600 630
100 52 2400 549
100 53 4680 234
100 57 2400 663
100 60 3940 197
100 63 2400 538
100 75 2000 100
100 90 1340 67
100 95 11520 576
100 101 620 31
100 108 10900 545
100 113 3820 191
100 125 3040 152
100 135 2660 133
100 140 560 28
100 151 1280 64
100 152 4740 237
100 170 3760 188
100 207 9580 479
100 218 2400 122
100 244 9880 494
101 3 2040 102
101 5 2400 314
101 8 2400 149
101 11 2400 509
101 13 860 43
101 14 6660 333
101 28 5580 279
101 47 3140 157
101 58 2400 648
101 67 1920 96
101 73 2380 119
101 76 5520 276
101 78 2400 441
101 92 1680 84
101 106 1100 55
101 112 600 30
101 121 700 35
101 130 3980 199
101 134 2400 225
101 144 2400 125
101 145 820 41
101 149 10300 515
101 154 2400 482
101 159 1420 71
101 169 980 49
101 171 5740 287
101 172 9260 463
101 173 2400 603
101 177 7340 367
101 187 500 25
101 201 340 17
101 203 360 18
101 206 2400 325
101 209 10060 503
101 219 2980 149
101 224 2400 539
101 229 3700 185
101 242 5980 299
102 4 2400 283
102 15 2400 519
102 22 2400 702
102 26 2600 130
102 37 5060 253
102 39 2400 462
102 45 1400 70
102 54 7580 379
102 56 2400 581
102 62 2400 463
102 85 3200 160
102 91 2020 101
102 94 2400 504
102 96 2400 613
102 103 500 25
102 109 2400 580
102 114 4580 229
102 115 2400 470
102 116 2400 673
102 120 2400 433
102 126 4540 227
102 131 2400 443
102 133 1960 98
102 136 8660 433
102 138 2400 617
102 153 2400 456
102 168 480 24
102 175 2400 227
102 184 1680 84
102 192 3360 168
102 204 4060 203
102 228 2400 134
102 239 2440 122
103 10 5260 263
103 19 6640 332
103 27 2400 131
103 29 2400 260
103 61 3740 187
103 77 2400 289
103 104 380 19
103 119 3460 173
103 122 1040 52
103 123 2400 276
103 127 2400 217
103 146 980 49
103 147 6840 342
103 189 1860 93
103 193 3520 176
103 195 2400 346
103 220 3340 167
103 222 6900 345
103 230 3320 166
103 241 2400 165
104 4 580 29
104 15 2400 265
104 22 2400 448
104 39 2400 208
104 54 2500 125
104 56 2400 327
104 62 2400 209
104 94 2400 250
104 96 2400 359
104 109 2400 326
104 115 2400 216
104 116 2400 419
104 120 2400 179
104 131 2400 189
104 136 3580 179
104 138 2400 363
104 153 2400 202
105 12 2400 165
105 21 2220 111
105 52 600 30
105 57 2400 144
105 63 380 19
105 95 1140 57
105 108 520 26
106 4 2020 101
106 15 2400 337
106 22 2400 520
106 37 1420 71
106 39 2400 280
106 54 3940 197
106 56 2400 399
106 62 2400 281
106 94 2400 322
106 96 2400 431
106 109 2400 398
106 114 940 47
106 115 2400 288
106 116 2400 491
106 120 2400 251
106 126 900 45
106 131 2400 261
106 136 5020 251
106 138 2400 435
106 153 2400 274
106 175 900 45
106 204 420 21
107 15 1920 96
107 22 2400 279
107 39 780 39
107 56 2400 158
107 62 800 40
107 94 1620 81
107 96 2400 190
107 109 2400 157
107 115 940 47
107 116 2400 250
107 131 400 20
107 138 2400 194
107 153 660 33
108 22 2400 138
108 56 340 17
108 96 980 49
108 109 320 16
108 116 2180 109
108 138 1060 53
109 58 1180 59
110 1 2400 326
110 17 2400 614
110 24 5100 255
110 34 5140 257
110 38 13440 672
110 46 2400 499
110 50 2400 418
110 51 12000 600
110 66 2400 270
110 68 2400 509
110 72 2400 448
110 74 2400 560
110 82 2400 474
110 86 2400 560
110 93 2400 589
110 99 2400 128
110 100 2400 264
110 107 13460 673
110 129 6180 309
110 141 2400 511
110 158 2400 413
110 164 2400 365
110 176 2400 706
110 188 9440 472
110 194 14200 710
110 200 2400 338
110 205 2400 626
110 214 2400 165
110 217 2400 411
110 221 13880 694
110 231 2400 677
110 237 2400 335
110 240 10520 526
110 243 2400 718
111 2 2400 160
111 6 10400 520
111 9 7300 365
111 16 6080 304
111 18 8800 440
111 21 13980 699
111 36 1440 72
111 52 2400 618
111 53 6060 303
111 60 5320 266
111 63 2400 607
111 75 3380 169
111 81 720 36
111 90 2720 136
111 95 12900 645
111 101 2000 100
111 102 1000 50
111 108 12280 614
111 113 5200 260
111 117 400 20
111 125 4420 221
111 128 560 28
111 135 4040 202
111 140 1940 97
111 151 2400 133
111 152 6120 306
111 157 600 30
111 163 1460 73
111 170 5140 257
111 207 10960 548
111 218 2400 191
111 244 11260 563
111 249 860 43
112 7 2400 384
112 17 2400 191
112 20 2400 420
112 38 4980 249
112 46 1520 76
112 48 2400 357
112 51 3540 177
112 55 7520 376
112 68 1720 86
112 72 500 25
112 74 2400 137
112 82 1020 51
112 86 2400 137
112 93 2400 166
112 105 2400 360
112 107 5000 250
112 137 8360 418
112 141 1760 88
112 148 2400 434
112 150 2400 509
112 176 2400 283
112 178 2400 370
112 188 980 49
112 194 5740 287
112 205 2400 203
112 208 2400 422
112 210 2400 488
112 221 5420 271
112 223 2400 452
112 231 2400 254
112 240 2060 103
112 243 2400 295
112 245 2400 421
113 4 1460 73
113 15 2400 309
113 22 2400 492
113 37 860 43
113 39 2400 252
113 54 3380 169
113 56 2400 371
113 62 2400 253
113 94 2400 294
113 96 2400 403
113 109 2400 370
113 114 380 19
113 115 2400 260
113 116 2400 463
113 120 2400 223
113 126 340 17
113 131 2400 233
113 136 4460 223
113 138 2400 407
113 153 2400 246
113 175 340 17
114 7 2400 196
114 20 2400 232
114 38 1220 61
114 48 2400 169
114 55 3760 188
114 105 2400 172
114 107 1240 62
114 137 4600 230
114 148 2400 246
114 150 2400 321
114 176 1900 95
114 178 2400 182
114 194 1980 99
114 205 300 15
114 208 2400 234
114 210 2400 300
114 221 1660 83
114 223 2400 264
114 231 1320 66
114 243 2140 107
114 245 2400 233
115 12 2400 161
115 21 2140 107
115 52 520 26
115 57 2400 140
115 63 300 15
115 95 1060 53
115 108 440 22
117 10 7560 378
117 19 8940 447
117 27 2400 246
117 29 2400 375
117 61 6040 302
117 77 2400 404
117 84 400 20
117 104 2680 134
117 118 400 20
117 119 5760 288
117 122 2400 167
117 123 2400 391
117 127 2400 332
117 146 2400 164
117 147 9140 457
117 189 2400 208
117 191 560 28
117 193 5820 291
117 195 2400 461
117 202 2260 113
117 220 5640 282
117 222 9200 460
117 230 5620 281
117 241 2400 280
118 6 6360 318
118 9 3260 163
118 12 2400 551
118 16 2040 102
118 18 4760 238
118 21 9940 497
118 52 2400 416
118 53 2020 101
118 57 2400 530
118 60 1280 64
118 63 2400 405
118 95 8860 443
118 108 8240 412
118 113 1160 58
118 125 380 19
118 152 2080 104
118 170 1100 55
118 207 6920 346
118 244 7220 361
119 15 2220 111
119 22 2400 294
119 39 1080 54
119 56 2400 173
119 62 1100 55
119 94 1920 96
119 96 2400 205
119 109 2400 172
119 115 1240 62
119 116 2400 265
119 120 500 25
119 131 700 35
119 136 500 25
119 138 2400 209
119 153 960 48
120 12 2400 198
120 21 2880 144
120 52 1260 63
120 57 2400 177
120 63 1040 52
120 95 1800 90
120 108 1180 59
121 10 5240 262
121 19 6620 331
121 27 2400 130
121 29 2400 259
121 61 3720 186
121 77 2400 288
121 104 360 18
121 119 3440 172
121 122 1020 51
121 123 2400 275
121 127 2400 216
121 146 960 48
121 147 6820 341
121 189 1840 92
121 193 3500 175
121 195 2400 345
121 220 3320 166
121 222 6880 344
121 230 3300 165
121 241 2400 164
122 5 2400 154
122 11 2400 349
122 14 3460 173
122 28 2380 119
122 58 2400 488
122 76 2320 116
122 78 2400 281
122 130 780 39
122 134 1300 65
122 149 7100 355
122 154 2400 322
122 171 2540 127
122 172 6060 303
122 173 2400 443
122 177 4140 207
122 206 2400 165
122 209 6860 343
122 224 2400 379
122 229 500 25
122 242 2780 139
123 12 2400 180
123 21 2520 126
123 52 900 45
123 57 2400 159
123 63 680 34
123 95 1440 72
123 108 820 41
124 0 760 38
124 3 4540 227
124 5 2400 439
124 8 2400 274
124 11 2400 634
124 13 3360 168
124 14 9160 458
124 28 8080 404
124 43 2160 108
124 44 800 40
124 47 5640 282
124 49 2240 112
124 59 2240 112
124 67 4420 221
124 71 2680 134
124 73 4880 244
124 76 8020 401
124 78 2400 566
124 92 2400 209
124 106 3600 180
124 112 3100 155
124 121 3200 160
124 130 6480 324
124 134 2400 350
124 144 2400 250
124 145 3320 166
124 149 12800 640
124 154 2400 607
124 159 2400 196
124 169 2400 174
124 171 8240 412
124 172 11760 588
124 174 500 25
124 177 9840 492
124 181 1180 59
124 187 3000 150
124 190 820 41
124 201 2840 142
124 203 2860 143
124 206 2400 450
124 209 12560 628
124 219 5480 274
124 224 2400 664
124 227 1960 98
124 229 6200 310
124 236 960 48
124 238 1460 73
124 242 8480 424
125 4 2240 112
125 15 2400 348
125 22 2400 531
125 37 1640 82
125 39 2400 291
125 54 4160 208
125 56 2400 410
125 62 2400 292
125 94 2400 333
125 96 2400 442
125 109 2400 409
125 114 1160 58
125 115 2400 299
125 116 2400 502
125 120 2400 262
125 126 1120 56
125 131 2400 272
125 136 5240 262
125 138 2400 446
125 153 2400 285
125 175 1120 56
125 204 640 32
126 10 1220 61
126 19 2600 130
126 29 1160 58
126 77 1740 87
126 123 1480 74
126 127 300 15
126 147 2800 140
126 195 2400 144
126 222 2860 143
127 12 2400 239
127 21 3700 185
127 52 2080 104
127 57 2400 218
127 63 1860 93
127 95 2620 131
127 108 2000 100
127 207 680 34
127 244 980 49
128 1 660 33
128 7 2400 514
128 17 2400 321
128 20 2400 550
128 38 7580 379
128 46 2400 206
128 48 2400 487
128 50 2400 125
128 51 6140 307
128 55 10120 506
128 68 2400 216
128 72 2400 155
128 74 2400 267
128 82 2400 181
128 86 2400 267
128 93 2400 296
128 105 2400 490
128 107 7600 380
128 129 320 16
128 137 10960 548
128 141 2400 218
128 148 2400 564
128 150 2400 639
128 158 2400 120
128 164 1440 72
128 176 2400 413
128 178 2400 500
128 188 3580 179
128 194 8340 417
128 200 900 45
128 205 2400 333
128 208 2400 552
128 210 2400 618
128 217 2360 118
128 221 8020 401
128 223 2400 582
128 231 2400 384
128 237 840 42
128 240 4660 233
128 243 2400 425
128 245 2400 551
129 10 7060 353
129 19 8440 422
129 27 2400 221
129 29 2400 350
129 61 5540 277
129 77 2400 379
129 104 2180 109
129 119 5260 263
129 122 2400 142
129 123 2400 366
129 127 2400 307
129 146 2400 139
129 147 8640 432
129 189 2400 183
129 193 5320 266
129 195 2400 436
129 202 1760 88
129 220 5140 257
129 222 8700 435
129 230 5120 256
129 241 2400 255
130 10 1960 98
130 19 3340 167
130 29 1900 95
130 61 440 22
130 77 2400 124
130 123 2220 111
130 127 1040 52
130 147 3540 177
130 195 2400 181
130 222 3600 180
131 12 2400 188
131 21 2680 134
131 52 1060 53
131 57 2400 167
131 63 840 42
131 95 1600 80
131 108 980 49
132 0 2740 137
132 3 6520 326
132 5 2400 538
132 8 2400 373
132 13 5340 267
132 14 11140 557
132 23 1260 63
132 28 10060 503
132 43 2400 207
132 44 2780 139
132 47 7620 381
132 49 4220 211
132 59 4220 211
132 65 1420 71
132 67 6400 320
132 71 4660 233
132 73 6860 343
132 76 10000 500
132 78 2400 665
132 92 2400 308
132 106 5580 279
132 111 680 34
132 112 5080 254
132 121 5180 259
132 130 8460 423
132 134 2400 449
132 144 2400 349
132 145 5300 265
132 154 2400 706
132 159 2400 295
132 169 2400 273
132 171 10220 511
132 172 13740 687
132 174 2400 124
132 177 11820 591
132 181 3160 158
132 187 4980 249
132 190 2800 140
132 201 4820 241
132 203 4840 242
132 206 2400 549
132 219 7460 373
132 227 3940 197
132 229 8180 409
132 236 2940 147
132 238 3440 172
132 242 10460 523
132 248 480 24
133 7 2400 327
133 17 2400 134
133 20 2400 363
133 38 3840 192
133 46 380 19
133 48 2400 300
133 51 2400 120
133 55 6380 319
133 68 580 29
133 74 1600 80
133 86 1600 80
133 93 2180 109
133 105 2400 303
133 107 3860 193
133 137 7220 361
133 141 620 31
133 148 2400 377
133 150 2400 452
133 176 2400 226
133 178 2400 313
133 194 4600 230
133 205 2400 146
133 208 2400 365
133 210 2400 431
133 221 4280 214
133 223 2400 395
133 231 2400 197
133 240 920 46
133 243 2400 238
133 245 2400 364
134 6 2100 105
134 12 2400 338
134 18 500 25
134 21 5680 284
134 52 2400 203
134 57 2400 317
134 63 2400 192
134 95 4600 230
134 108 3980 199
134 207 2660 133
134 244 2960 148
135 10 3920 196
135 19 5300 265
135 27 1280 64
135 29 2400 193
135 61 2400 120
135 77 2400 222
135 119 2120 106
135 123 2400 209
135 127 2400 150
135 147 5500 275
135 189 520 26
135 193 2180 109
135 195 2400 279
135 220 2000 100
135 222 5560 278
135 230 1980 99
135 241 1960 98
136 20 560 28
136 137 520 26
136 148 840 42
136 150 2340 117
136 208 600 30
136 210 1920 96
136 223 1200 60
136 245 580 29
137 22 2220 111
137 96 440 22
137 116 1640 82
137 138 520 26
139 1 1660 83
139 7 2400 564
139 17 2400 371
139 20 2400 600
139 38 8580 429
139 46 2400 256
139 48 2400 537
139 50 2400 175
139 51 7140 357
139 55 11120 556
139 66 540 27
139 68 2400 266
139 72 2400 205
139 74 2400 317
139 82 2400 231
139 86 2400 317
139 93 2400 346
139 100 420 21
139 105 2400 540
139 107 8600 430
139 129 1320 66
139 137 11960 598
139 141 2400 268
139 148 2400 614
139 150 2400 689
139 158 2400 170
139 164 2400 122
139 176 2400 463
139 178 2400 550
139 188 4580 229
139 194 9340 467
139 200 1900 95
139 205 2400 383
139 208 2400 602
139 210 2400 668
139 217 2400 168
139 221 9020 451
139 223 2400 632
139 231 2400 434
139 237 1840 92
139 240 5660 283
139 243 2400 475
139 245 2400 601
140 4 2400 236
140 15 2400 472
140 22 2400 655
140 26 1660 83
140 37 4120 206
140 39 2400 415
140 45 460 23
140 54 6640 332
140 56 2400 534
140 62 2400 416
140 85 2260 113
140 91 1080 54
140 94 2400 457
140 96 2400 566
140 109 2400 533
140 114 3640 182
140 115 2400 423
140 116 2400 626
140 120 2400 386
140 126 3600 180
140 131 2400 396
140 133 1020 51
140 136 7720 386
140 138 2400 570
140 153 2400 409
140 175 2400 180
140 184 740 37
140 192 2420 121
140 204 3120 156
140 228 1740 87
140 239 1500 75
141 5 2400 160
141 11 2400 355
141 14 3580 179
141 28 2500 125
141 58 2400 494
141 76 2440 122
141 78 2400 287
141 130 900 45
141 134 1420 71
141 149 7220 361
141 154 2400 328
141 171 2660 133
141 172 6180 309
141 173 2400 449
141 177 4260 213
141 206 2400 171
141 209 6980 349
141 224 2400 385
141 229 620 31
141 242 2900 145
142 10 11780 589
142 19 13160 658
142 25 4120 206
142 27 2400 457
142 29 2400 586
142 33 600 30
142 35 2400 216
142 41 460 23
142 61 10260 513
142 77 2400 615
142 84 4620 231
142 88 460 23
142 104 6900 345
142 118 2400 231
142 119 9980 499
142 122 2400 378
142 123 2400 602
142 127 2400 543
142 146 2400 375
142 147 13360 668
142 162 1640 82
142 183 2040 102
142 189 2400 419
142 191 4780 239
142 193 10040 502
142 195 2400 672
142 199 2560 128
142 202 2400 324
142 216 4420 221
142 220 9860 493
142 222 13420 671
142 230 9840 492
142 235 2300 115
142 241 2400 491
143 7 2400 468
143 17 2400 275
143 20 2400 504
143 38 6660 333
143 46 2400 160
143 48 2400 441
143 50 1580 79
143 51 5220 261
143 55 9200 460
143 68 2400 170
143 72 2180 109
143 74 2400 221
143 82 2400 135
143 86 2400 221
143 93 2400 250
143 105 2400 444
143 107 6680 334
143 137 10040 502
143 141 2400 172
143 148 2400 518
143 150 2400 593
143 158 1480 74
143 164 520 26
143 176 2400 367
143 178 2400 454
143 188 2660 133
143 194 7420 371
143 205 2400 287
143 208 2400 506
143 210 2400 572
143 217 1440 72
143 221 7100 355
143 223 2400 536
143 231 2400 338
143 240 3740 187
143 243 2400 379
143 245 2400 505
144 6 4100 205
144 9 1000 50
144 12 2400 438
144 18 2500 125
144 21 7680 384
144 52 2400 303
144 57 2400 417
144 63 2400 292
144 95 6600 330
144 108 5980 299
144 207 4660 233
144 244 4960 248
145 10 5120 256
145 19 6500 325
145 27 2400 124
145 29 2400 253
145 61 3600 180
145 77 2400 282
145 119 3320 166
145 122 900 45
145 123 2400 269
145 127 2400 210
145 146 840 42
145 147 6700 335
145 189 1720 86
145 193 3380 169
145 195 2400 339
145 220 3200 160
145 222 6760 338
145 230 3180 159
145 241 2400 158
146 6 3480 174
146 9 380 19
146 12 2400 407
146 18 1880 94
146 21 7060 353
146 52 2400 272
146 57 2400 386
146 63 2400 261
146 95 5980 299
146 108 5360 268
146 207 4040 202
146 244 4340 217
147 148 440 22
147 150 1940 97
147 210 1520 76
147 223 800 40
148 58 2400 148
148 149 300 15
148 173 2060 103
148 224 780 39
149 150 480 24
150 58 1460 73
150 173 560 28
151 3 1380 69
151 5 2400 281
151 8 2320 116
151 11 2400 476
151 14 6000 300
151 28 4920 246
151 47 2480 124
151 58 2400 615
151 67 1260 63
151 73 1720 86
151 76 4860 243
151 78 2400 408
151 92 1020 51
151 106 440 22
151 130 3320 166
151 134 2400 192
151 144 1840 92
151 149 9640 482
151 154 2400 449
151 159 760 38
151 169 320 16
151 171 5080 254
151 172 8600 430
151 173 2400 570
151 177 6680 334
151 206 2400 292
151 209 9400 470
151 219 2320 116
151 224 2400 506
151 229 3040 152
151 242 5320 266
152 7 2400 236
152 17 860 43
152 20 2400 272
152 38 2020 101
152 48 2400 209
152 51 580 29
152 55 4560 228
152 93 360 18
152 105 2400 212
152 107 2040 102
152 137 5400 270
152 148 2400 286
152 150 2400 361
152 176 2400 135
152 178 2400 222
152 194 2780 139
152 205 1100 55
152 208 2400 274
152 210 2400 340
152 221 2460 123
152 223 2400 304
152 231 2120 106
152 243 2400 147
152 245 2400 273
153 11 880 44
153 58 2400 183
153 149 1000 50
153 154 340 17
153 173 2400 138
153 209 760 38
153 224 1480 74
154 12 1620 81
154 21 540 27
154 57 1200 60
155 10 13460 673
155 25 5800 290
155 27 2400 541
155 29 2400 670
155 33 2280 114
155 35 2400 300
155 41 2140 107
155 61 11940 597
155 70 1940 97
155 77 2400 699
155 84 6300 315
155 88 2140 107
155 104 8580 429
155 118 2400 315
155 119 11660 583
155 122 2400 462
155 123 2400 686
155 127 2400 627
155 146 2400 459
155 156 300 15
155 162 2400 166
155 166 320 16
155 183 2400 186
155 189 2400 503
155 191 6460 323
155 193 11720 586
155 199 4240 212
155 202 2400 408
155 216 6100 305
155 220 11540 577
155 230 11520 576
155 235 2400 199
155 241 2400 575
156 0 4000 200
156 3 7780 389
156 5 2400 601
156 8 2400 436
156 13 6600 330
156 14 12400 620
156 23 2520 126
156 28 11320 566
156 43 2400 270
156 44 4040 202
156 47 8880 444
156 49 5480 274
156 59 5480 274
156 65 2680 134
156 67 7660 383
156 71 5920 296
156 73 8120 406
156 76 11260 563
156 92 2400 371
156 106 6840 342
156 111 1940 97
156 112 6340 317
156 121 6440 322
156 130 9720 486
156 134 2400 512
156 144 2400 412
156 145 6560 328
156 159 2400 358
156 167 800 40
156 169 2400 336
156 171 11480 574
156 174 2400 187
156 177 13080 654
156 181 4420 221
156 187 6240 312
156 190 4060 203
156 201 6080 304
156 203 6100 305
156 206 2400 612
156 213 500 25
156 219 8720 436
156 225 1360 68
156 227 5200 260
156 229 9440 472
156 236 4200 210
156 238 4700 235
156 242 11720 586
156 248 1740 87
157 3 3440 172
157 5 2400 384
157 8 2400 219
157 11 2400 579
157 13 2260 113
157 14 8060 403
157 28 6980 349
157 43 1060 53
157 47 4540 227
157 49 1140 57
157 58 2400 718
157 59 1140 57
157 67 3320 166
157 71 1580 79
157 73 3780 189
157 76 6920 346
157 78 2400 511
157 92 2400 154
157 106 2500 125
157 112 2000 100
157 121 2100 105
157 130 5380 269
157 134 2400 295
157 144 2400 195
157 145 2220 111
157 149 11700 585
157 154 2400 552
157 159 2400 141
157 169 2380 119
157 171 7140 357
157 172 10660 533
157 173 2400 673
157 177 8740 437
157 187 1900 95
157 201 1740 87
157 203 1760 88
157 206 2400 395
157 209 11460 573
157 219 4380 219
157 224 2400 609
157 227 860 43
157 229 5100 255
157 238 360 18
157 242 7380 369
158 3 920 46
158 5 2400 258
158 8 1860 93
158 11 2400 453
158 14 5540 277
158 28 4460 223
158 47 2020 101
158 58 2400 592
158 67 800 40
158 73 1260 63
158 76 4400 220
158 78 2400 385
158 92 560 28
158 130 2860 143
158 134 2400 169
158 144 1380 69
158 149 9180 459
158 154 2400 426
158 159 300 15
158 171 4620 231
158 172 8140 407
158 173 2400 547
158 177 6220 311
158 206 2400 269
158 209 8940 447
158 219 1860 93
158 224 2400 483
158 229 2580 129
158 242 4860 243
159 6 5180 259
159 9 2080 104
159 12 2400 492
159 16 860 43
159 18 3580 179
159 21 8760 438
159 52 2400 357
159 53 840 42
159 57 2400 471
159 63 2400 346
159 95 7680 384
159 108 7060 353
159 152 900 45
159 207 5740 287
159 244 6040 302
160 4 2400 668
160 26 10300 515
160 32 1700 85
160 37 12760 638
160 42 2400 332
160 45 9100 455
160 85 10900 545
160 89 2400 356
160 91 2400 486
160 98 1640 82
160 103 8200 410
160 114 12280 614
160 126 12240 612
160 133 9660 483
160 143 6840 342
160 168 2400 409
160 175 2400 612
160 180 2400 193
160 184 2400 469
160 186 4440 222
160 192 11060 553
160 197 2140 107
160 204 11760 588
160 212 1520 76
160 226 2400 325
160 228 2400 519
160 234 3340 167
160 239 10140 507
161 10 10860 543
161 19 12240 612
161 25 3200 160
161 27 2400 411
161 29 2400 540
161 35 2400 170
161 61 9340 467
161 77 2400 569
161 84 3700 185
161 104 5980 299
161 118 2400 185
161 119 9060 453
161 122 2400 332
161 123 2400 556
161 127 2400 497
161 146 2400 329
161 147 12440 622
161 162 720 36
161 183 1120 56
161 189 2400 373
161 191 3860 193
161 193 9120 456
161 195 2400 626
161 199 1640 82
161 202 2400 278
161 216 3500 175
161 220 8940 447
161 222 12500 625
161 230 8920 446
161 235 1380 69
161 241 2400 445
162 2 2140 107
162 6 9340 467
162 9 6240 312
162 12 2400 700
162 16 5020 251
162 18 7740 387
162 21 12920 646
162 36 380 19
162 52 2400 565
162 53 5000 250
162 57 2400 679
162 60 4260 213
162 63 2400 554
162 75 2320 116
162 90 1660 83
162 95 11840 592
162 101 940 47
162 108 11220 561
162 113 4140 207
162 125 3360 168
162 135 2980 149
162 140 880 44
162 151 1600 80
162 152 5060 253
162 163 400 20
162 170 4080 204
162 207 9900 495
162 218 2400 138
162 244 10200 510
163 7 2400 469
163 17 2400 276
163 20 2400 505
163 38 6680 334
163 46 2400 161
163 48 2400 442
163 50 1600 80
163 51 5240 262
163 55 9220 461
163 68 2400 171
163 72 2200 110
163 74 2400 222
163 82 2400 136
163 86 2400 222
163 93 2400 251
163 105 2400 445
163 107 6700 335
163 137 10060 503
163 141 2400 173
163 148 2400 519
163 150 2400 594
163 158 1500 75
163 164 540 27
163 176 2400 368
163 178 2400 455
163 188 2680 134
163 194 7440 372
163 205 2400 288
163 208 2400 507
163 210 2400 573
163 217 1460 73
163 221 7120 356
163 223 2400 537
163 231 2400 339
163 240 3760 188
163 243 2400 380
163 245 2400 506
164 3 1880 94
164 5 2400 306
164 8 2400 141
164 11 2400 501
164 13 700 35
164 14 6500 325
164 28 5420 271
164 47 2980 149
164 58 2400 640
164 67 1760 88
164 73 2220 111
164 76 5360 268
164 78 2400 433
164 92 1520 76
164 106 940 47
164 112 440 22
164 121 540 27
164 130 3820 191
164 134 2400 217
164 144 2340 117
164 145 660 33
164 149 10140 507
164 154 2400 474
164 159 1260 63
164 169 820 41
164 171 5580 279
164 172 9100 455
164 173 2400 595
164 177 7180 359
164 187 340 17
164 206 2400 317
164 209 9900 495
164 219 2820 141
164 224 2400 531
164 229 3540 177
164 242 5820 291
165 10 13920 696
165 25 6260 313
165 27 2400 564
165 29 2400 693
165 33 2400 137
165 35 2400 323
165 41 2600 130
165 61 12400 620
165 70 2400 120
165 84 6760 338
165 88 2600 130
165 104 9040 452
165 118 2400 338
165 119 12120 606
165 122 2400 485
165 123 2400 709
165 127 2400 650
165 146 2400 482
165 156 760 38
165 162 2400 189
165 166 780 39
165 183 2400 209
165 189 2400 526
165 191 6920 346
165 193 12180 609
165 199 4700 235
165 202 2400 431
165 216 6560 328
165 220 12000 600
165 230 11980 599
165 235 2400 222
165 241 2400 598
166 0 3980 199
166 3 7760 388
166 5 2400 600
166 8 2400 435
166 13 6580 329
166 14 12380 619
166 23 2500 125
166 28 11300 565
166 43 2400 269
166 44 4020 201
166 47 8860 443
166 49 5460 273
166 59 5460 273
166 65 2660 133
166 67 7640 382
166 71 5900 295
166 73 8100 405
166 76 11240 562
166 92 2400 370
166 106 6820 341
166 111 1920 96
166 112 6320 316
166 121 6420 321
166 130 9700 485
166 134 2400 511
166 144 2400 411
166 145 6540 327
166 159 2400 357
166 167 780 39
166 169 2400 335
166 171 11460 573
166 174 2400 186
166 177 13060 653
166 181 4400 220
166 187 6220 311
166 190 4040 202
166 201 6060 303
166 203 6080 304
166 206 2400 611
166 213 480 24
166 219 8700 435
166 225 1340 67
166 227 5180 259
166 229 9420 471
166 236 4180 209
166 238 4680 234
166 242 11700 585
166 248 1720 86
167 2 2400 217
167 6 11540 577
167 9 8440 422
167 16 7220 361
167 18 9940 497
167 36 2400 129
167 52 2400 675
167 53 7200 360
167 60 6460 323
167 63 2400 664
167 75 4520 226
167 81 1860 93
167 90 3860 193
167 95 14040 702
167 101 2400 157
167 102 2140 107
167 108 13420 671
167 113 6340 317
167 117 1540 77
167 124 640 32
167 125 5560 278
167 128 1700 85
167 135 5180 259
167 139 700 35
167 140 3080 154
167 151 2400 190
167 152 7260 363
167 157 1740 87
167 163 2600 130
167 170 6280 314
167 207 12100 605
167 215 1380 69
167 218 2400 248
167 244 12400 620
167 249 2000 100
168 3 1380 69
168 5 2400 281
168 8 2320 116
168 11 2400 476
168 14 6000 300
168 28 4920 246
168 47 2480 124
168 58 2400 615
168 67 1260 63
168 73 1720 86
168 76 4860 243
168 78 2400 408
168 92 1020 51
168 106 440 22
168 130 3320 166
168 134 2400 192
168 144 1840 92
168 149 9640 482
168 154 2400 449
168 159 760 38
168 169 320 16
168 171 5080 254
168 172 8600 430
168 173 2400 570
168 177 6680 334
168 206 2400 292
168 209 9400 470
168 219 2320 116
168 224 2400 506
168 229 3040 152
168 242 5320 266
169 6 5620 281
169 9 2520 126
169 12 2400 514
169 16 1300 65
169 18 4020 201
169 21 9200 460
169 52 2400 379
169 53 1280 64
169 57 2400 493
169 60 540 27
169 63 2400 368
169 95 8120 406
169 108 7500 375
169 113 420 21
169 152 1340 67
169 170 360 18
169 207 6180 309
169 244 6480 324
170 7 2400 285
170 17 1840 92
170 20 2400 321
170 38 3000 150
170 48 2400 258
170 51 1560 78
170 55 5540 277
170 74 760 38
170 86 760 38
170 93 1340 67
170 105 2400 261
170 107 3020 151
170 137 6380 319
170 148 2400 335
170 150 2400 410
170 176 2400 184
170 178 2400 271
170 194 3760 188
170 205 2080 104
170 208 2400 323
170 210 2400 389
170 221 3440 172
170 223 2400 353
170 231 2400 155
170 243 2400 196
170 245 2400 322
171 7 2400 127
171 20 2400 163
171 48 2000 100
171 55 2380 119
171 105 2060 103
171 137 3220 161
171 148 2400 177
171 150 2400 252
171 176 520 26
171 178 2260 113
171 194 600 30
171 208 2400 165
171 210 2400 231
171 223 2400 195
171 243 760 38
171 245 2400 164
172 150 1520 76
172 210 1100 55
172 223 380 19
174 2 1400 70
174 6 8600 430
174 9 5500 275
174 12 2400 663
174 16 4280 214
174 18 7000 350
174 21 12180 609
174 52 2400 528
174 53 4260 213
174 57 2400 642
174 60 3520 176
174 63 2400 517
174 75 1580 79
174 90 920 46
174 95 11100 555
174 108 10480 524
174 113 3400 170
174 125 2620 131
174 135 2240 112
174 151 860 43
174 152 4320 216
174 170 3340 167
174 207 9160 458
174 218 2020 101
174 244 9460 473
175 5 1560 78
175 11 2400 273
175 14 1940 97
175 28 860 43
175 58 2400 412
175 76 800 40
175 78 2400 205
175 149 5580 279
175 154 2400 246
175 171 1020 51
175 172 4540 227
175 173 2400 367
175 177 2620 131
175 206 1780 89
175 209 5340 267
175 224 2400 303
175 242 1260 63
176 11 2400 160
176 58 2400 299
176 78 1840 92
176 149 3320 166
176 154 2400 133
176 172 2280 114
176 173 2400 254
176 177 360 18
176 209 3080 154
176 224 2400 190
177 7 940 47
177 20 1660 83
177 48 400 20
177 55 780 39
177 105 460 23
177 137 1620 81
177 148 1940 97
177 150 2400 172
177 178 660 33
177 208 1700 85
177 210 2400 151
177 223 2300 115
177 245 1680 84
178 11 1460 73
178 58 2400 212
178 149 1580 79
178 154 920 46
178 172 540 27
178 173 2400 167
178 209 1340 67
178 224 2060 103
179 4 2400 497
179 26 6880 344
179 37 9340 467
179 39 2400 676
179 42 2400 161
179 45 5680 284
179 54 11860 593
179 62 2400 677
179 85 7480 374
179 89 2400 185
179 91 2400 315
179 94 2400 718
179 103 4780 239
179 114 8860 443
179 115 2400 684
179 120 2400 647
179 126 8820 441
179 131 2400 657
179 133 6240 312
179 136 12940 647
179 143 3420 171
179 153 2400 670
179 168 2400 238
179 175 2400 441
179 180 440 22
179 184 2400 298
179 186 1020 51
179 192 7640 382
179 204 8340 417
179 226 2400 154
179 228 2400 348
179 239 6720 336
180 2 2400 230
180 6 11800 590
180 9 8700 435
180 16 7480 374
180 18 10200 510
180 36 2400 142
180 52 2400 688
180 53 7460 373
180 60 6720 336
180 63 2400 677
180 75 4780 239
180 81 2120 106
180 90 4120 206
180 95 14300 715
180 101 2400 170
180 102 2400 120
180 108 13680 684
180 113 6600 330
180 117 1800 90
180 124 900 45
180 125 5820 291
180 128 1960 98
180 135 5440 272
180 139 960 48
180 140 3340 167
180 151 2400 203
180 152 7520 376
180 157 2000 100
180 163 2860 143
180 170 6540 327
180 207 12360 618
180 215 1640 82
180 218 2400 261
180 244 12660 633
180 249 2260 113
181 10 7260 363
181 19 8640 432
181 27 2400 231
181 29 2400 360
181 61 5740 287
181 77 2400 389
181 104 2380 119
181 119 5460 273
181 122 2400 152
181 123 2400 376
181 127 2400 317
181 146 2400 149
181 147 8840 442
181 189 2400 193
181 193 5520 276
181 195 2400 446
181 202 1960 98
181 220 5340 267
181 222 8900 445
181 230 5320 266
181 241 2400 265
182 2 2400 408
182 9 12260 613
182 16 11040 552
182 18 13760 688
182 36 2400 320
182 53 11020 551
182 60 10280 514
182 75 8340 417
182 81 5680 284
182 83 1760 88
182 90 7680 384
182 101 2400 348
182 102 5960 298
182 113 10160 508
182 117 5360 268
182 124 2400 223
182 125 9380 469
182 128 5520 276
182 132 2400 124
182 135 9000 450
182 139 4520 226
182 140 6900 345
182 142 1140 57
182 151 2400 381
182 152 11080 554
182 157 2400 278
182 161 2060 103
182 163 6420 321
182 170 10100 505
182 179 1680 84
182 198 2560 128
182 215 5200 260
182 218 2400 439
182 249 2400 291
183 2 1740 87
183 6 8940 447
183 9 5840 292
183 12 2400 680
183 16 4620 231
183 18 7340 367
183 21 12520 626
183 52 2400 545
183 53 4600 230
183 57 2400 659
183 60 3860 193
183 63 2400 534
183 75 1920 96
183 90 1260 63
183 95 11440 572
183 101 540 27
183 108 10820 541
183 113 3740 187
183 125 2960 148
183 135 2580 129
183 140 480 24
183 151 1200 60
183 152 4660 233
183 170 3680 184
183 207 9500 475
183 218 2360 118
183 244 9800 490
184 5 2400 221
184 8 1120 56
184 11 2400 416
184 14 4800 240
184 28 3720 186
184 47 1280 64
184 58 2400 555
184 73 520 26
184 76 3660 183
184 78 2400 348
184 130 2120 106
184 134 2400 132
184 144 640 32
184 149 8440 422
184 154 2400 389
184 171 3880 194
184 172 7400 370
184 173 2400 510
184 177 5480 274
184 206 2400 232
184 209 8200 410
184 219 1120 56
184 224 2400 446
184 229 1840 92
184 242 4120 206
185 4 2400 492
185 26 6780 339
185 37 9240 462
185 39 2400 671
185 42 2400 156
185 45 5580 279
185 54 11760 588
185 62 2400 672
185 85 7380 369
185 89 2400 180
185 91 2400 310
185 94 2400 713
185 103 4680 234
185 114 8760 438
185 115 2400 679
185 120 2400 642
185 126 8720 436
185 131 2400 652
185 133 6140 307
185 136 12840 642
185 143 3320 166
185 153 2400 665
185 168 2400 233
185 175 2400 436
185 180 340 17
185 184 2400 293
185 186 920 46
185 192 7540 377
185 204 8240 412
185 226 2400 149
185 228 2400 343
185 239 6620 331
186 10 9020 451
186 19 10400 520
186 25 1360 68
186 27 2400 319
186 29 2400 448
186 35 1560 78
186 61 7500 375
186 77 2400 477
186 84 1860 93
186 104 4140 207
186 118 1860 93
186 119 7220 361
186 122 2400 240
186 123 2400 464
186 127 2400 405
186 146 2400 237
186 147 10600 530
186 189 2400 281
186 191 2020 101
186 193 7280 364
186 195 2400 534
186 202 2400 186
186 216 1660 83
186 220 7100 355
186 222 10660 533
186 230 7080 354
186 241 2400 353
187 7 2400 389
187 17 2400 196
187 20 2400 425
187 38 5080 254
187 46 1620 81
187 48 2400 362
187 51 3640 182
187 55 7620 381
187 68 1820 91
187 72 600 30
187 74 2400 142
187 82 1120 56
187 86 2400 142
187 93 2400 171
187 105 2400 365
187 107 5100 255
187 137 8460 423
187 141 1860 93
187 148 2400 439
187 150 2400 514
187 176 2400 288
187 178 2400 375
187 188 1080 54
187 194 5840 292
187 205 2400 208
187 208 2400 427
187 210 2400 493
187 221 5520 276
187 223 2400 457
187 231 2400 259
187 240 2160 108
187 243 2400 300
187 245 2400 426
188 10 3800 190
188 19 5180 259
188 27 1160 58
188 29 2400 187
188 61 2280 114
188 77 2400 216
188 119 2000 100
188 123 2400 203
188 127 2400 144
188 147 5380 269
188 189 400 20
188 193 2060 103
188 195 2400 273
188 220 1880 94
188 222 5440 272
188 230 1860 93
188 241 1840 92
189 5 2260 113
189 11 2400 308
189 14 2640 132
189 28 1560 78
189 58 2400 447
189 76 1500 75
189 78 2400 240
189 134 480 24
189 149 6280 314
189 154 2400 281
189 171 1720 86
189 172 5240 262
189 173 2400 402
189 177 3320 166
189 206 2400 124
189 209 6040 302
189 224 2400 338
189 242 1960 98
190 10 7620 381
190 19 9000 450
190 27 2400 249
190 29 2400 378
190 61 6100 305
190 77 2400 407
190 84 460 23
190 104 2740 137
190 118 460 23
190 119 5820 291
190 122 2400 170
190 123 2400 394
190 127 2400 335
190 146 2400 167
190 147 9200 460
190 189 2400 211
190 191 620 31
190 193 5880 294
190 195 2400 464
190 202 2320 116
190 220 5700 285
190 222 9260 463
190 230 5680 284
190 241 2400 283
191 4 2400 135
191 15 2400 371
191 22 2400 554
191 37 2100 105
191 39 2400 314
191 54 4620 231
191 56 2400 433
191 62 2400 315
191 94 2400 356
191 96 2400 465
191 109 2400 432
191 114 1620 81
191 115 2400 322
191 116 2400 525
191 120 2400 285
191 126 1580 79
191 131 2400 295
191 136 5700 285
191 138 2400 469
191 153 2400 308
191 175 1580 79
191 192 400 20
191 204 1100 55
192 10 2400 120
192 19 3780 189
192 29 2340 117
192 61 880 44
192 77 2400 146
192 119 600 30
192 123 2400 133
192 127 1480 74
192 147 3980 199
192 193 660 33
192 195 2400 203
192 220 480 24
192 222 4040 202
192 230 460 23
192 241 440 22
193 7 2400 138
193 20 2400 174
193 48 2220 111
193 55 2600 130
193 105 2280 114
193 137 3440 172
193 148 2400 188
193 150 2400 263
193 176 740 37
193 178 2400 124
193 194 820 41
193 208 2400 176
193 210 2400 242
193 221 500 25
193 223 2400 206
193 243 980 49
193 245 2400 175
194 19 420 21
194 147 620 31
194 195 700 35
194 222 680 34
195 11 1100 55
195 58 2400 194
195 149 1220 61
195 154 560 28
195 173 2400 149
195 209 980 49
195 224 1700 85
196 4 2400 577
196 26 8480 424
196 37 10940 547
196 42 2400 241
196 45 7280 364
196 54 13460 673
196 85 9080 454
196 89 2400 265
196 91 2400 395
196 103 6380 319
196 114 10460 523
196 126 10420 521
196 133 7840 392
196 143 5020 251
196 168 2400 318
196 175 2400 521
196 180 2040 102
196 184 2400 378
196 186 2620 131
196 192 9240 462
196 197 320 16
196 204 9940 497
196 226 2400 234
196 228 2400 428
196 234 1520 76
196 239 8320 416
197 2 2400 316
197 6 13520 676
197 9 10420 521
197 16 9200 460
197 18 11920 596
197 36 2400 228
197 53 9180 459
197 60 8440 422
197 75 6500 325
197 81 3840 192
197 90 5840 292
197 101 2400 256
197 102 4120 206
197 113 8320 416
197 117 3520 176
197 124 2400 131
197 125 7540 377
197 128 3680 184
197 132 640 32
197 135 7160 358
197 139 2680 134
197 140 5060 253
197 151 2400 289
197 152 9240 462
197 157 2400 186
197 163 4580 229
197 170 8260 413
197 198 720 36
197 207 14080 704
197 215 3360 168
197 218 2400 347
197 244 14380 719
197 249 2400 199
198 10 10360 518
198 19 11740 587
198 25 2700 135
198 27 2400 386
198 29 2400 515
198 35 2400 145
198 61 8840 442
198 77 2400 544
198 84 3200 160
198 104 5480 274
198 118 2400 160
198 119 8560 428
198 122 2400 307
198 123 2400 531
198 127 2400 472
198 146 2400 304
198 147 11940 597
198 183 620 31
198 189 2400 348
198 191 3360 168
198 193 8620 431
198 195 2400 601
198 199 1140 57
198 202 2400 253
198 216 3000 150
198 220 8440 422
198 222 12000 600
198 230 8420 421
198 235 880 44
198 241 2400 420
199 1 620 31
199 7 2400 512
199 17 2400 319
199 20 2400 548
199 38 7540 377
199 46 2400 204
199 48 2400 485
199 50 2400 123
199 51 6100 305
199 55 10080 504
199 68 2400 214
199 72 2400 153
199 74 2400 265
199 82 2400 179
199 86 2400 265
199 93 2400 294
199 105 2400 488
199 107 7560 378
199 137 10920 546
199 141 2400 216
199 148 2400 562
199 150 2400 637
199 158 2360 118
199 164 1400 70
199 176 2400 411
199 178 2400 498
199 188 3540 177
199 194 8300 415
199 200 860 43
199 205 2400 331
199 208 2400 550
199 210 2400 616
199 217 2320 116
199 221 7980 399
199 223 2400 580
199 231 2400 382
199 237 800 40
199 240 4620 231
199 243 2400 423
199 245 2400 549
200 3 2420 121
200 5 2400 333
200 8 2400 168
200 11 2400 528
200 13 1240 62
200 14 7040 352
200 28 5960 298
200 47 3520 176
200 58 2400 667
200 67 2300 115
200 71 560 28
200 73 2760 138
200 76 5900 295
200 78 2400 460
200 92 2060 103
200 106 1480 74
200 112 980 49
200 121 1080 54
200 130 4360 218
200 134 2400 244
200 144 2400 144
200 145 1200 60
200 149 10680 534
200 154 2400 501
200 159 1800 90
200 169 1360 68
200 171 6120 306
200 172 9640 482
200 173 2400 622
200 177 7720 386
200 187 880 44
200 201 720 36
200 203 740 37
200 206 2400 344
200 209 10440 522
200 219 3360 168
200 224 2400 558
200 229 4080 204
200 242 6360 318
201 10 5600 280
201 19 6980 349
201 27 2400 148
201 29 2400 277
201 61 4080 204
201 77 2400 306
201 104 720 36
201 119 3800 190
201 122 1380 69
201 123 2400 293
201 127 2400 234
201 146 1320 66
201 147 7180 359
201 189 2200 110
201 193 3860 193
201 195 2400 363
201 202 300 15
201 220 3680 184
201 222 7240 362
201 230 3660 183
201 241 2400 182
202 6 4500 225
202 9 1400 70
202 12 2400 458
202 18 2900 145
202 21 8080 404
202 52 2400 323
202 57 2400 437
202 63 2400 312
202 95 7000 350
202 108 6380 319
202 207 5060 253
202 244 5360 268
203 4 2400 138
203 15 2400 374
203 22 2400 557
203 37 2160 108
203 39 2400 317
203 54 4680 234
203 56 2400 436
203 62 2400 318
203 85 300 15
203 94 2400 359
203 96 2400 468
203 109 2400 435
203 114 1680 84
203 115 2400 325
203 116 2400 528
203 120 2400 288
203 126 1640 82
203 131 2400 298
203 136 5760 288
203 138 2400 472
203 153 2400 311
203 175 1640 82
203 192 460 23
203 204 1160 58
204 7 2400 222
204 17 580 29
204 20 2400 258
204 38 1740 87
204 48 2400 195
204 51 300 15
204 55 4280 214
204 105 2400 198
204 107 1760 88
204 137 5120 256
204 148 2400 272
204 150 2400 347
204 176 2400 121
204 178 2400 208
204 194 2500 125
204 205 820 41
204 208 2400 260
204 210 2400 326
204 221 2180 109
204 223 2400 290
204 231 1840 92
204 243 2400 133
204 245 2400 259
205 5 900 45
205 11 2400 240
205 14 1280 64
205 58 2400 379
205 78 2400 172
205 149 4920 246
205 154 2400 213
205 171 360 18
205 172 3880 194
205 173 2400 334
205 177 1960 98
205 206 1120 56
205 209 4680 234
205 224 2400 270
205 242 600 30
206 12 2400 238
206 21 3680 184
206 52 2060 103
206 57 2400 217
206 63 1840 92
206 95 2600 130
206 108 1980 99
206 207 660 33
206 244 960 48
207 20 600 30
207 137 560 28
207 148 880 44
207 150 2380 119
207 208 640 32
207 210 1960 98
207 223 1240 62
207 245 620 31
208 11 420 21
208 58 2400 160
208 149 540 27
208 173 2300 115
208 209 300 15
208 224 1020 51
209 150 720 36
209 210 300 15
210 58 1880 94
210 173 980 49
211 4 2400 640
211 26 9740 487
211 32 1140 57
211 37 12200 610
211 42 2400 304
211 45 8540 427
211 85 10340 517
211 89 2400 328
211 91 2400 458
211 98 1080 54
211 103 7640 382
211 114 11720 586
211 126 11680 584
211 133 9100 455
211 143 6280 314
211 168 2400 381
211 175 2400 584
211 180 2400 165
211 184 2400 441
211 186 3880 194
211 192 10500 525
211 197 1580 79
211 204 11200 560
211 212 960 48
211 226 2400 297
211 228 2400 491
211 234 2780 139
211 239 9580 479
212 0 4260 213
212 3 8040 402
212 5 2400 614
212 8 2400 449
212 13 6860 343
212 14 12660 633
212 23 2780 139
212 28 11580 579
212 43 2400 283
212 44 4300 215
212 47 9140 457
212 49 5740 287
212 59 5740 287
212 65 2940 147
212 67 7920 396
212 71 6180 309
212 73 8380 419
212 76 11520 576
212 92 2400 384
212 106 7100 355
212 111 2200 110
212 112 6600 330
212 121 6700 335
212 130 9980 499
212 134 2400 525
212 144 2400 425
212 145 6820 341
212 159 2400 371
212 167 1060 53
212 169 2400 349
212 171 11740 587
212 174 2400 200
212 177 13340 667
212 181 4680 234
212 187 6500 325
212 190 4320 216
212 201 6340 317
212 203 6360 318
212 206 2400 625
212 213 760 38
212 219 8980 449
212 225 1620 81
212 227 5460 273
212 229 9700 485
212 236 4460 223
212 238 4960 248
212 242 11980 599
212 248 2000 100
213 1 2400 195
213 7 2400 676
213 17 2400 483
213 20 2400 712
213 24 2480 124
213 34 2520 126
213 38 10820 541
213 46 2400 368
213 48 2400 649
213 50 2400 287
213 51 9380 469
213 55 13360 668
213 66 2400 139
213 68 2400 378
213 72 2400 317
213 74 2400 429
213 82 2400 343
213 86 2400 429
213 93 2400 458
213 100 2400 133
213 105 2400 652
213 107 10840 542
213 129 3560 178
213 137 14200 710
213 141 2400 380
213 158 2400 282
213 164 2400 234
213 176 2400 575
213 178 2400 662
213 188 6820 341
213 194 11580 579
213 200 2400 207
213 205 2400 495
213 208 2400 714
213 214 680 34
213 217 2400 280
213 221 11260 563
213 231 2400 546
213 237 2400 204
213 240 7900 395
213 243 2400 587
213 245 2400 713
214 2 2400 190
214 6 11000 550
214 9 7900 395
214 16 6680 334
214 18 9400 470
214 36 2040 102
214 52 2400 648
214 53 6660 333
214 60 5920 296
214 63 2400 637
214 75 3980 199
214 81 1320 66
214 90 3320 166
214 95 13500 675
214 101 2400 130
214 102 1600 80
214 108 12880 644
214 113 5800 290
214 117 1000 50
214 125 5020 251
214 128 1160 58
214 135 4640 232
214 140 2540 127
214 151 2400 163
214 152 6720 336
214 157 1200 60
214 163 2060 103
214 170 5740 287
214 207 11560 578
214 215 840 42
214 218 2400 221
214 244 11860 593
214 249 1460 73
215 10 7720 386
215 19 9100 455
215 27 2400 254
215 29 2400 383
215 61 6200 310
215 77 2400 412
215 84 560 28
215 104 2840 142
215 118 560 28
215 119 5920 296
215 122 2400 175
215 123 2400 399
215 127 2400 340
215 146 2400 172
215 147 9300 465
215 189 2400 216
215 191 720 36
215 193 5980 299
215 195 2400 469
215 202 2400 121
215 216 360 18
215 220 5800 290
215 222 9360 468
215 230 5780 289
215 241 2400 288
216 7 2400 419
216 17 2400 226
216 20 2400 455
216 38 5680 284
216 46 2220 111
216 48 2400 392
216 50 600 30
216 51 4240 212
216 55 8220 411
216 68 2400 121
216 72 1200 60
216 74 2400 172
216 82 1720 86
216 86 2400 172
216 93 2400 201
216 105 2400 395
216 107 5700 285
216 137 9060 453
216 141 2400 123
216 148 2400 469
216 150 2400 544
216 158 500 25
216 176 2400 318
216 178 2400 405
216 188 1680 84
216 194 6440 322
216 205 2400 238
216 208 2400 457
216 210 2400 523
216 217 460 23
216 221 6120 306
216 223 2400 487
216 231 2400 289
216 240 2760 138
216 243 2400 330
216 245 2400 456
217 3 960 48
217 5 2400 260
217 8 1900 95
217 11 2400 455
217 14 5580 279
217 28 4500 225
217 47 2060 103
217 58 2400 594
217 67 840 42
217 73 1300 65
217 76 4440 222
217 78 2400 387
217 92 600 30
217 130 2900 145
217 134 2400 171
217 144 1420 71
217 149 9220 461
217 154 2400 428
217 159 340 17
217 171 4660 233
217 172 8180 409
217 173 2400 549
217 177 6260 313
217 206 2400 271
217 209 8980 449
217 219 1900 95
217 224 2400 485
217 229 2620 131
217 242 4900 245
218 5 2400 223
218 8 1160 58
218 11 2400 418
218 14 4840 242
218 28 3760 188
218 47 1320 66
218 58 2400 557
218 73 560 28
218 76 3700 185
218 78 2400 350
218 130 2160 108
218 134 2400 134
218 144 680 34
218 149 8480 424
218 154 2400 391
218 171 3920 196
218 172 7440 372
218 173 2400 512
218 177 5520 276
218 206 2400 234
218 209 8240 412
218 219 1160 58
218 224 2400 448
218 229 1880 94
218 242 4160 208
219 10 2960 148
219 19 4340 217
219 27 320 16
219 29 2400 145
219 61 1440 72
219 77 2400 174
219 119 1160 58
219 123 2400 161
219 127 2040 102
219 147 4540 227
219 193 1220 61
219 195 2400 231
219 220 1040 52
219 222 4600 230
219 230 1020 51
219 241 1000 50
220 7 2400 147
220 20 2400 183
220 48 2400 120
220 55 2780 139
220 105 2400 123
220 137 3620 181
220 148 2400 197
220 150 2400 272
220 176 920 46
220 178 2400 133
220 194 1000 50
220 208 2400 185
220 210 2400 251
220 221 680 34
220 223 2400 215
220 231 340 17
220 243 1160 58
220 245 2400 184
221 19 740 37
221 147 940 47
221 195 1020 51
221 222 1000 50
222 148 380 19
222 150 1880 94
222 210 1460 73
222 223 740 37
223 58 2400 130
223 173 1700 85
223 224 420 21
224 12 480 24
225 4 2400 375
225 15 2400 611
225 26 4440 222
225 37 6900 345
225 39 2400 554
225 42 780 39
225 45 3240 162
225 54 9420 471
225 56 2400 673
225 62 2400 555
225 85 5040 252
225 89 1260 63
225 91 2400 193
225 94 2400 596
225 96 2400 705
225 103 2340 117
225 109 2400 672
225 114 6420 321
225 115 2400 562
225 120 2400 525
225 126 6380 319
225 131 2400 535
225 133 3800 190
225 136 10500 525
225 138 2400 709
225 143 980 49
225 153 2400 548
225 168 2320 116
225 175 2400 319
225 184 2400 176
225 192 5200 260
225 204 5900 295
225 226 640 32
225 228 2400 226
225 239 4280 214
226 3 3060 153
226 5 2400 365
226 8 2400 200
226 11 2400 560
226 13 1880 94
226 14 7680 384
226 28 6600 330
226 43 680 34
226 47 4160 208
226 49 760 38
226 58 2400 699
226 59 760 38
226 67 2940 147
226 71 1200 60
226 73 3400 170
226 76 6540 327
226 78 2400 492
226 92 2400 135
226 106 2120 106
226 112 1620 81
226 121 1720 86
226 130 5000 250
226 134 2400 276
226 144 2400 176
226 145 1840 92
226 149 11320 566
226 154 2400 533
226 159 2400 122
226 169 2000 100
226 171 6760 338
226 172 10280 514
226 173 2400 654
226 177 8360 418
226 187 1520 76
226 201 1360 68
226 203 1380 69
226 206 2400 376
226 209 11080 554
226 219 4000 200
226 224 2400 590
226 227 480 24
226 229 4720 236
226 242 7000 350
227 4 2400 183
227 15 2400 419
227 22 2400 602
227 26 600 30
227 37 3060 153
227 39 2400 362
227 54 5580 279
227 56 2400 481
227 62 2400 363
227 85 1200 60
227 94 2400 404
227 96 2400 513
227 109 2400 480
227 114 2580 129
227 115 2400 370
227 116 2400 573
227 120 2400 333
227 126 2540 127
227 131 2400 343
227 136 6660 333
227 138 2400 517
227 153 2400 356
227 175 2400 127
227 192 1360 68
227 204 2060 103
227 228 680 34
227 239 440 22
228 5 2400 171
228 11 2400 366
228 14 3800 190
228 28 2720 136
228 58 2400 505
228 76 2660 133
228 78 2400 298
228 130 1120 56
228 134 1640 82
228 149 7440 372
228 154 2400 339
228 171 2880 144
228 172 6400 320
228 173 2400 460
228 177 4480 224
228 206 2400 182
228 209 7200 360
228 224 2400 396
228 229 840 42
228 242 3120 156
229 10 2240 112
229 19 3620 181
229 29 2180 109
229 61 720 36
229 77 2400 138
229 119 440 22
229 123 2400 125
229 127 1320 66
229 147 3820 191
229 193 500 25
229 195 2400 195
229 220 320 16
229 222 3880 194
229 230 300 15
230 7 2400 148
230 20 2400 184
230 48 2400 121
230 55 2800 140
230 105 2400 124
230 137 3640 182
230 148 2400 198
230 150 2400 273
230 176 940 47
230 178 2400 134
230 194 1020 51
230 208 2400 186
230 210 2400 252
230 221 700 35
230 223 2400 216
230 231 360 18
230 243 1180 59
230 245 2400 185
231 11 2400 189
231 58 2400 328
231 78 2400 121
231 149 3900 195
231 154 2400 162
231 172 2860 143
231 173 2400 283
231 177 940 47
231 209 3660 183
231 224 2400 219
232 25 7960 398
232 27 2400 649
232 33 2400 222
232 35 2400 408
232 41 4300 215
232 61 14100 705
232 70 2400 205
232 84 8460 423
232 88 4300 215
232 104 10740 537
232 118 2400 423
232 119 13820 691
232 122 2400 570
232 146 2400 567
232 156 2400 123
232 162 2400 274
232 166 2400 124
232 183 2400 294
232 189 2400 611
232 191 8620 431
232 193 13880 694
232 199 6400 320
232 202 2400 516
232 216 8260 413
232 220 13700 685
232 230 13680 684
232 233 640 32
232 235 2400 307
232 241 2400 683
233 4 2400 534
233 26 7620 381
233 37 10080 504
233 39 2400 713
233 42 2400 198
233 45 6420 321
233 54 12600 630
233 62 2400 714
233 85 8220 411
233 89 2400 222
233 91 2400 352
233 103 5520 276
233 114 9600 480
233 120 2400 684
233 126 9560 478
233 131 2400 694
233 133 6980 349
233 136 13680 684
233 143 4160 208
233 153 2400 707
233 168 2400 275
233 175 2400 478
233 180 1180 59
233 184 2400 335
233 186 1760 88
233 192 8380 419
233 204 9080 454
233 226 2400 191
233 228 2400 385
233 234 660 33
233 239 7460 373
234 10 10120 506
234 19 11500 575
234 25 2460 123
234 27 2400 374
234 29 2400 503
234 35 2400 133
234 61 8600 430
234 77 2400 532
234 84 2960 148
234 104 5240 262
234 118 2400 148
234 119 8320 416
234 122 2400 295
234 123 2400 519
234 127 2400 460
234 146 2400 292
234 147 11700 585
234 183 380 19
234 189 2400 336
234 191 3120 156
234 193 8380 419
234 195 2400 589
234 199 900 45
234 202 2400 241
234 216 2760 138
234 220 8200 410
234 222 11760 588
234 230 8180 409
234 235 640 32
234 241 2400 408
235 0 320 16
235 3 4100 205
235 5 2400 417
235 8 2400 252
235 11 2400 612
235 13 2920 146
235 14 8720 436
235 28 7640 382
235 43 1720 86
235 44 360 18
235 47 5200 260
235 49 1800 90
235 59 1800 90
235 67 3980 199
235 71 2240 112
235 73 4440 222
235 76 7580 379
235 78 2400 544
235 92 2400 187
235 106 3160 158
235 112 2660 133
235 121 2760 138
235 130 6040 302
235 134 2400 328
235 144 2400 228
235 145 2880 144
235 149 12360 618
235 154 2400 585
235 159 2400 174
235 169 2400 152
235 171 7800 390
235 172 11320 566
235 173 2400 706
235 177 9400 470
235 181 740 37
235 187 2560 128
235 190 380 19
235 201 2400 120
235 203 2420 121
235 206 2400 428
235 209 12120 606
235 219 5040 252
235 224 2400 642
235 227 1520 76
235 229 5760 288
235 236 520 26
235 238 1020 51
235 242 8040 402
236 7 2400 491
236 17 2400 298
236 20 2400 527
236 38 7120 356
236 46 2400 183
236 48 2400 464
236 50 2040 102
236 51 5680 284
236 55 9660 483
236 68 2400 193
236 72 2400 132
236 74 2400 244
236 82 2400 158
236 86 2400 244
236 93 2400 273
236 105 2400 467
236 107 7140 357
236 137 10500 525
236 141 2400 195
236 148 2400 541
236 150 2400 616
236 158 1940 97
236 164 980 49
236 176 2400 390
236 178 2400 477
236 188 3120 156
236 194 7880 394
236 200 440 22
236 205 2400 310
236 208 2400 529
236 210 2400 595
236 217 1900 95
236 221 7560 378
236 223 2400 559
236 231 2400 361
236 237 380 19
236 240 4200 210
236 243 2400 402
236 245 2400 528
237 2 400 20
237 6 7600 380
237 9 4500 225
237 12 2400 613
237 16 3280 164
237 18 6000 300
237 21 11180 559
237 52 2400 478
237 53 3260 163
237 57 2400 592
237 60 2520 126
237 63 2400 467
237 75 580 29
237 95 10100 505
237 108 9480 474
237 113 2400 120
237 125 1620 81
237 135 1240 62
237 152 3320 166
237 170 2340 117
237 207 8160 408
237 218 1020 51
237 244 8460 423
238 4 2400 208
238 15 2400 444
238 22 2400 627
238 26 1100 55
238 37 3560 178
238 39 2400 387
238 54 6080 304
238 56 2400 506
238 62 2400 388
238 85 1700 85
238 91 520 26
238 94 2400 429
238 96 2400 538
238 109 2400 505
238 114 3080 154
238 115 2400 395
238 116 2400 598
238 120 2400 358
238 126 3040 152
238 131 2400 368
238 133 460 23
238 136 7160 358
238 138 2400 542
238 153 2400 381
238 175 2400 152
238 192 1860 93
238 204 2560 128
238 228 1180 59
238 239 940 47
239 7 2400 303
239 17 2200 110
239 20 2400 339
239 38 3360 168
239 48 2400 276
239 51 1920 96
239 55 5900 295
239 74 1120 56
239 86 1120 56
239 93 1700 85
239 105 2400 279
239 107 3380 169
239 137 6740 337
239 148 2400 353
239 150 2400 428
239 176 2400 202
239 178 2400 289
239 194 4120 206
239 205 2400 122
239 208 2400 341
239 210 2400 407
239 221 3800 190
239 223 2400 371
239 231 2400 173
239 240 440 22
239 243 2400 214
239 245 2400 340
240 10 2720 136
240 19 4100 205
240 29 2400 133
240 61 1200 60
240 77 2400 162
240 119 920 46
240 123 2400 149
240 127 1800 90
240 147 4300 215
240 193 980 49
240 195 2400 219
240 220 800 40
240 222 4360 218
240 230 780 39
240 241 760 38
241 5 820 41
241 11 2400 236
241 14 1200 60
241 58 2400 375
241 78 2400 168
241 149 4840 242
241 154 2400 209
241 172 3800 190
241 173 2400 330
241 177 1880 94
241 206 1040 52
241 209 4600 230
241 224 2400 266
241 242 520 26
242 7 2300 115
242 20 2400 151
242 48 1760 88
242 55 2140 107
242 105 1820 91
242 137 2980 149
242 148 2400 165
242 150 2400 240
242 178 2020 101
242 194 360 18
242 208 2400 153
242 210 2400 219
242 223 2400 183
242 243 520 26
242 245 2400 152
243 12 2400 230
243 21 3520 176
243 52 1900 95
243 57 2400 209
243 63 1680 84
243 95 2440 122
243 108 1820 91
243 207 500 25
243 244 800 40
244 20 300 15
244 148 580 29
244 150 2080 104
244 208 340 17
244 210 1660 83
244 223 940 47
244 245 320 16
245 11 440 22
245 58 2400 161
245 149 560 28
245 173 2320 116
245 209 320 16
245 224 1040 52
246 1 2400 343
246 17 2400 631
246 24 5440 272
246 34 5480 274
246 38 13780 689
246 46 2400 516
246 50 2400 435
246 51 12340 617
246 66 2400 287
246 68 2400 526
246 72 2400 465
246 74 2400 577
246 80 420 21
246 82 2400 491
246 86 2400 577
246 93 2400 606
246 99 2400 145
246 100 2400 281
246 107 13800 690
246 129 6520 326
246 141 2400 528
246 158 2400 430
246 164 2400 382
246 188 9780 489
246 200 2400 355
246 205 2400 643
246 214 2400 182
246 217 2400 428
246 221 14220 711
246 231 2400 694
246 237 2400 352
246 240 10860 543
246 247 320 16
247 0 5420 271
247 3 9200 460
247 5 2400 672
247 8 2400 507
247 13 8020 401
247 14 13820 691
247 23 3940 197
247 28 12740 637
247 43 2400 341
247 44 5460 273
247 47 10300 515
247 49 6900 345
247 59 6900 345
247 65 4100 205
247 67 9080 454
247 69 740 37
247 71 7340 367
247 73 9540 477
247 76 12680 634
247 92 2400 442
247 106 8260 413
247 111 2400 168
247 112 7760 388
247 121 7860 393
247 130 11140 557
247 134 2400 583
247 144 2400 483
247 145 7980 399
247 159 2400 429
247 167 2220 111
247 169 2400 407
247 171 12900 645
247 174 2400 258
247 181 5840 292
247 185 440 22
247 187 7660 383
247 190 5480 274
247 201 7500 375
247 203 7520 376
247 206 2400 683
247 213 1920 96
247 219 10140 507
247 225 2780 139
247 227 6620 331
247 229 10860 543
247 236 5620 281
247 238 6120 306
247 242 13140 657
247 248 2400 158
248 2 2400 170
248 6 10600 530
248 9 7500 375
248 16 6280 314
248 18 9000 450
248 21 14180 709
248 36 1640 82
248 52 2400 628
248 53 6260 313
248 60 5520 276
248 63 2400 617
248 75 3580 179
248 81 920 46
248 90 2920 146
248 95 13100 655
248 101 2200 110
248 102 1200 60
248 108 12480 624
248 113 5400 270
248 117 600 30
248 125 4620 231
248 128 760 38
248 135 4240 212
248 140 2140 107
248 151 2400 143
248 152 6320 316
248 157 800 40
248 163 1660 83
248 170 5340 267
248 207 11160 558
248 215 440 22
248 218 2400 201
248 244 11460 573
248 249 1060 53
249 3 3180 159
249 5 2400 371
249 8 2400 206
249 11 2400 566
249 13 2000 100
249 14 7800 390
249 28 6720 336
249 43 800 40
249 47 4280 214
249 49 880 44
249 58 2400 705
249 59 880 44
249 67 3060 153
249 71 1320 66
249 73 3520 176
249 76 6660 333
249 78 2400 498
249 92 2400 141
249 106 2240 112
249 112 1740 87
249 121 1840 92
249 130 5120 256
249 134 2400 282
249 144 2400 182
249 145 1960 98
249 149 11440 572
249 154 2400 539
249 159 2400 128
249 169 2120 106
249 171 6880 344
249 172 10400 520
249 173 2400 660
249 177 8480 424
249 187 1640 82
249 201 1480 74
249 203 1500 75
249 206 2400 382
249 209 11200 560
249 219 4120 206
249 224 2400 596
249 227 600 30
249 229 4840 242
249 242 7120 356
