// The instance basic information 
nbCities:5; nbDepots:2; size:180 180;nbTrips:50;nbCombinedTrips0;planningHorizon:0-1440;maxDriving:540;maxWorking:720
// The number of cities is 
5
// The number of depots is 
2
// The max number of vehicles is 
8
// The max number of drivers is 
8
// The number of trips is 
50
// The minPlanTime is 
15
// The short Time for driver is 
20
// The short Time for vehicle is 
20
// The maximum driving time is 
540
// The maximum working time is 
720
// The cost of using driver is 
4000
// The cost of using vehicle is 
100000
// The cost of driver changeover penalty per change is 
30
// The max percentage of combined trips is  
0.0
// The maxPlanTime is 
720

//Here are the cities: idOfCity 	 nameOfCity 	 coordinateX 	 coordinateY 
0 C0 132 25
1 C1 88 121
2 C2 95 55
3 C3 78 86
4 C4 113 57
//Depots:  
// idOfDepot  	 indexOfDepotAsStartingPoint 	 indexOfDepotAsEndingPoint 	 idCityAsDepot
0 50 52 3
1 51 53 4
//Trips: idOfTrip 	 idOfStartCity 	 idEndCity	 departureTime 	 arrivalTime 	 nbCombinedVehicleInThisTrip
0 4 2 458 476 1
1 2 3 496 531 1
2 3 4 560 605 1
3 4 1 647 715 1
4 1 4 769 837 1
5 4 3 859 904 1
6 3 2 920 955 1
7 2 4 977 995 1
8 4 3 694 739 1
9 3 0 765 846 1
10 0 2 879 926 1
11 2 4 984 1002 1
12 4 2 1038 1056 1
13 2 3 1115 1150 1
14 3 4 1184 1229 1
15 3 1 522 558 1
16 1 4 579 647 1
17 4 0 670 707 1
18 0 2 754 801 1
19 2 3 818 853 1
20 3 1 888 924 1
21 1 2 943 1009 1
22 2 3 1025 1060 1
23 4 0 671 708 1
24 0 3 761 842 1
25 3 2 859 894 1
26 2 1 918 984 1
27 1 4 1002 1070 1
28 4 0 1110 1147 1
29 0 4 1173 1210 1
30 3 0 563 644 1
31 0 4 693 730 1
32 4 2 762 780 1
33 2 4 796 814 1
34 4 3 873 918 1
35 3 1 954 990 1
36 1 3 1048 1084 1
37 4 1 206 274 1
38 1 3 308 344 1
39 3 1 363 399 1
40 1 2 436 502 1
41 2 4 542 560 1
42 4 2 590 608 1
43 2 4 658 676 1
44 4 2 691 709 1
45 2 4 724 742 1
46 4 2 552 570 1
47 2 4 607 625 1
48 3 0 222 303 1
49 0 3 356 437 1
//Vehicles: idOfVehicle idOfStartingDepot nbTrips
0 -1 50
1 -1 50
2 -1 50
3 -1 50
4 -1 50
5 -1 50
6 -1 50
7 -1 50
//Drivers :idOfDriver idOfStartingDepot idOfEndingDepot nbTrips
0 -1 50
1 -1 50
2 -1 50
3 -1 50
4 -1 50
5 -1 50
6 -1 50
7 -1 50
//Graph arcs for trips can be performed successively: 
// idStartTrip idEndTrip costForVehicle costForDriver
0 1 400 20
0 7 2400 501
0 11 2400 508
0 13 2400 639
0 19 2400 342
0 22 2400 549
0 26 8840 442
0 33 2400 320
0 41 1320 66
0 43 2400 182
0 45 2400 248
0 47 2400 131
1 2 580 29
1 6 7780 389
1 9 4680 234
1 14 2400 653
1 20 7140 357
1 25 6560 328
1 30 640 32
1 35 8460 423
2 3 840 42
2 5 2400 254
2 8 1780 89
2 12 8660 433
2 17 1300 65
2 23 1320 66
2 28 10100 505
2 32 3140 157
2 34 2400 268
2 44 1720 86
3 4 1080 54
3 21 4560 228
3 27 2400 287
3 36 2400 333
4 5 440 22
4 12 4020 201
4 28 5460 273
4 34 720 36
5 6 320 16
5 14 2400 280
5 35 1000 50
6 7 440 22
6 11 580 29
6 13 2400 160
6 22 1400 70
7 12 860 43
7 28 2300 115
8 6 3620 181
8 9 520 26
8 14 2400 445
8 20 2980 149
8 25 2400 120
8 35 4300 215
9 10 660 33
9 29 2400 327
10 7 1020 51
10 11 1160 58
10 13 2400 189
10 22 1980 99
11 12 720 36
11 28 2160 108
12 13 1180 59
13 14 680 34
15 4 2400 211
15 16 420 21
15 21 7700 385
15 27 2400 444
15 36 2400 490
16 5 2400 212
16 8 940 47
16 12 7820 391
16 17 460 23
16 23 480 24
16 28 9260 463
16 32 2300 115
16 34 2400 226
16 44 880 44
17 10 3440 172
17 18 940 47
17 24 1080 54
17 29 2400 466
18 7 2400 176
18 11 2400 183
18 13 2400 314
18 19 340 17
18 22 2400 224
18 26 2340 117
19 6 1340 67
19 14 2400 331
19 20 700 35
19 35 2020 101
20 21 380 19
20 27 1560 78
20 36 2400 124
21 13 2120 106
21 22 320 16
22 14 2400 124
23 10 3420 171
23 18 920 46
23 24 1060 53
23 29 2400 465
24 6 1560 78
24 14 2400 342
24 20 920 46
24 25 340 17
24 35 2240 112
25 7 1660 83
25 11 1800 90
25 13 2400 221
25 22 2400 131
25 26 480 24
26 27 360 18
26 36 1280 64
27 28 800 40
28 29 520 26
30 10 4700 235
30 18 2200 110
30 24 2340 117
30 29 2400 529
30 31 980 49
31 5 2400 129
31 12 6160 308
31 28 7600 380
31 32 640 32
31 34 2400 143
32 7 2400 197
32 11 2400 204
32 13 2400 335
32 19 760 38
32 22 2400 245
32 26 2760 138
32 33 320 16
33 5 900 45
33 12 4480 224
33 28 5920 296
33 34 1180 59
34 14 2400 266
34 35 720 36
35 36 1160 58
36 14 2000 100
37 4 2400 495
37 16 2400 305
37 21 13380 669
37 38 680 34
37 40 3240 162
38 2 2400 216
38 6 11520 576
38 9 8420 421
38 15 3560 178
38 20 10880 544
38 25 10300 515
38 30 4380 219
38 35 12200 610
38 39 380 19
39 4 2400 370
39 16 2400 180
39 21 10880 544
39 27 2400 603
39 36 2400 649
39 40 740 37
40 7 2400 475
40 11 2400 482
40 13 2400 613
40 19 2400 316
40 22 2400 523
40 26 8320 416
40 33 2400 294
40 41 800 40
40 43 2400 156
40 45 2400 222
40 47 2100 105
41 3 1740 87
41 5 2400 299
41 8 2400 134
41 12 9560 478
41 17 2200 110
41 23 2220 111
41 28 11000 550
41 32 4040 202
41 34 2400 313
41 42 600 30
41 44 2620 131
42 7 2400 369
42 11 2400 376
42 13 2400 507
42 19 2400 210
42 22 2400 417
42 26 6200 310
42 33 2400 188
42 43 1000 50
42 45 2320 116
43 5 2400 183
43 8 360 18
43 12 7240 362
43 28 8680 434
43 32 1720 86
43 34 2400 197
43 44 300 15
44 7 2400 268
44 11 2400 275
44 13 2400 406
44 19 2180 109
44 22 2400 316
44 26 4180 209
44 33 1740 87
44 45 300 15
45 5 2340 117
45 12 5920 296
45 28 7360 368
45 32 400 20
45 34 2400 131
46 7 2400 407
46 11 2400 414
46 13 2400 545
46 19 2400 248
46 22 2400 455
46 26 6960 348
46 33 2400 226
46 43 1760 88
46 45 2400 154
46 47 740 37
47 3 440 22
47 5 2400 234
47 8 1380 69
47 12 8260 413
47 17 900 45
47 23 920 46
47 28 9700 485
47 32 2740 137
47 34 2400 248
47 44 1320 66
48 10 11520 576
48 18 9020 451
48 24 2400 458
48 31 2400 390
48 49 1060 53
49 2 2400 123
49 6 9660 483
49 9 6560 328
49 15 1700 85
49 20 9020 451
49 25 8440 422
49 30 2520 126
49 35 10340 517
