// The instance basic information 
nbCities:10; nbDepots:3; size:240 240;nbTrips:250;nbCombinedTrips51;planningHorizon:0-1440;maxDriving:540;maxWorking:720
// The number of cities is 
10
// The number of depots is 
3
// The max number of vehicles is 
68
// The max number of drivers is 
68
// The number of trips is 
250
// The minPlanTime is 
15
// The short Time for driver is 
20
// The short Time for vehicle is 
20
// The maximum driving time is 
540
// The maximum working time is 
720
// The cost of using driver is 
4000
// The cost of using vehicle is 
100000
// The cost of driver changeover penalty per change is 
30
// The max percentage of combined trips is  
0.25
// The maxPlanTime is 
720

//Here are the cities: idOfCity 	 nameOfCity 	 coordinateX 	 coordinateY 
0 C0 121 102
1 C1 69 225
2 C2 145 144
3 C3 95 150
4 C4 60 100
5 C5 185 130
6 C6 165 74
7 C7 11 200
8 C8 165 125
9 C9 60 150
//Depots:  
// idOfDepot  	 indexOfDepotAsStartingPoint 	 indexOfDepotAsEndingPoint 	 idCityAsDepot
0 250 253 7
1 251 254 8
2 252 255 9
//Trips: idOfTrip 	 idOfStartCity 	 idEndCity	 departureTime 	 arrivalTime 	 nbCombinedVehicleInThisTrip
0 8 9 436 543 2
1 9 2 582 667 2
2 2 9 717 802 2
3 9 2 829 914 2
4 2 8 948 975 2
5 9 0 197 274 2
6 0 3 305 359 1
7 3 1 375 454 1
8 1 7 469 532 1
9 7 9 551 621 1
10 9 5 10 136 1
11 5 7 195 382 2
12 7 9 436 506 1
13 8 6 588 639 2
14 6 8 672 723 2
15 8 5 778 798 1
16 5 4 837 965 1
17 4 2 990 1085 1
18 2 8 1100 1127 1
19 8 2 51 78 1
20 2 9 129 214 1
21 9 0 267 344 1
22 0 8 392 441 1
23 8 5 483 503 1
24 5 8 532 552 2
25 7 0 6 153 1
26 0 3 179 233 1
27 3 0 280 334 1
28 0 7 351 498 1
29 7 1 445 508 1
30 1 5 561 710 1
31 5 8 766 786 2
32 8 7 812 983 1
33 7 1 137 200 1
34 1 9 245 320 2
35 9 4 364 414 1
36 4 0 440 501 2
37 0 7 522 669 2
38 9 2 697 782 2
39 2 8 813 840 1
40 8 2 858 885 1
41 8 0 1014 1063 2
42 0 9 1099 1176 1
43 9 8 361 468 2
44 6 2 672 744 1
45 2 0 760 808 1
46 0 9 823 900 1
47 8 2 612 639 2
48 9 1 835 910 2
49 1 0 934 1067 1
50 0 8 1087 1136 1
51 9 2 654 739 1
52 2 7 797 942 1
53 7 3 979 1076 1
54 3 9 1113 1148 1
55 8 2 343 370 1
56 2 4 394 489 1
57 4 1 504 629 1
58 1 2 678 789 2
59 2 8 831 858 1
60 8 5 68 88 1
61 7 2 413 558 1
62 2 8 575 602 1
63 9 0 158 235 1
64 0 4 280 341 1
65 0 8 523 572 1
66 8 9 588 695 1
67 7 3 417 514 1
68 3 6 530 633 1
69 8 9 756 863 1
70 9 7 883 953 1
71 7 4 453 564 1
72 4 0 622 683 2
73 0 7 726 873 2
74 9 5 16 142 1
75 5 6 162 221 1
76 6 0 246 298 2
77 0 4 326 387 1
78 4 9 402 452 1
79 9 8 492 599 2
80 8 6 650 701 1
81 6 0 758 810 1
82 0 3 826 880 1
83 3 9 910 945 1
84 8 2 230 257 1
85 2 4 283 378 1
86 4 9 413 463 1
87 2 8 693 720 2
88 8 5 642 662 1
89 8 5 810 830 1
90 5 4 877 1005 2
91 4 0 1026 1087 1
92 0 8 1129 1178 1
93 7 4 414 525 1
94 0 8 708 757 1
95 8 7 775 946 1
96 9 6 655 784 1
97 6 3 832 935 1
98 3 7 980 1077 1
99 7 9 1121 1191 1
100 8 6 100 151 1
101 0 6 347 399 1
102 6 3 430 533 1
103 3 2 548 598 1
104 2 8 613 640 1
105 7 8 312 483 1
106 2 7 683 828 1
107 8 6 328 379 1
108 6 5 406 465 2
109 8 9 581 688 1
110 9 3 731 766 2
111 3 8 789 863 2
112 7 8 145 316 1
113 9 7 595 665 1
114 9 1 99 174 1
115 9 3 372 407 2
116 3 9 435 470 2
117 9 3 506 541 1
118 3 9 564 599 2
119 7 6 430 628 1
120 6 3 674 777 2
121 3 7 823 920 1
122 8 9 694 801 1
123 1 4 964 1089 1
124 4 8 1120 1227 1
125 8 7 566 737 1
126 7 2 775 920 2
127 2 8 947 974 1
128 8 2 994 1021 1
129 2 8 1036 1063 1
130 7 5 500 687 2
131 5 0 712 781 1
132 0 7 816 963 1
133 8 7 543 714 1
134 2 8 955 982 2
135 8 2 1003 1030 1
136 2 8 1054 1081 1
137 8 5 223 243 1
138 5 7 282 469 1
139 5 8 712 732 1
140 9 0 613 690 2
141 7 3 908 1005 1
142 3 9 1048 1083 2
143 7 9 566 636 1
144 2 1 831 942 2
145 1 7 965 1028 1
146 8 1 90 228 1
147 1 3 271 350 2
148 9 3 501 536 1
149 3 8 552 626 1
150 7 3 640 737 2
151 8 9 890 997 1
152 9 1 1012 1087 1
153 1 7 1111 1174 1
154 7 9 533 603 1
155 3 9 798 833 1
156 9 7 848 918 1
157 9 3 261 296 1
158 3 9 321 356 1
159 8 4 628 735 1
160 4 9 750 800 1
161 9 1 466 541 1
162 2 8 810 837 2
163 8 3 879 953 1
164 3 9 969 1004 1
165 7 6 371 569 1
166 3 7 800 897 1
167 8 9 160 267 1
168 3 1 450 529 1
169 1 8 549 687 1
170 9 6 699 828 1
171 6 5 859 918 1
172 5 8 961 981 1
173 0 3 1113 1167 1
174 3 9 1194 1229 1
175 9 0 422 499 1
176 7 0 703 850 1
177 0 9 865 942 1
178 7 2 328 473 1
179 2 9 505 590 2
180 0 7 711 858 2
181 8 4 589 696 1
182 4 2 711 806 1
183 1 8 979 1117 1
184 9 5 701 827 1
185 4 7 1040 1151 1
186 7 9 1167 1237 1
187 7 2 173 318 1
188 2 4 345 440 1
189 4 3 468 529 1
190 9 7 630 700 1
191 8 6 245 296 1
192 5 3 511 603 2
193 3 5 646 738 2
194 5 8 760 780 1
195 9 6 41 170 1
196 6 1 192 370 1
197 1 9 414 489 2
198 9 1 134 209 1
199 3 2 379 429 2
200 9 3 347 382 1
201 3 5 439 531 1
202 5 2 574 616 2
203 8 9 747 854 1
204 7 3 455 552 1
205 5 7 773 960 1
206 9 8 718 825 1
207 8 2 870 897 1
208 8 4 1018 1125 1
209 4 9 1171 1221 1
210 8 9 210 317 1
211 8 5 492 512 1
212 2 8 658 685 1
213 7 1 319 382 1
214 9 4 543 593 2
215 4 3 646 707 1
216 3 9 725 760 1
217 9 7 781 851 2
218 9 6 422 551 1
219 6 0 598 650 1
220 7 9 884 954 1
221 7 9 37 107 1
222 0 7 308 455 1
223 8 9 700 807 1
224 2 3 943 993 1
225 9 8 1123 1230 1
226 9 1 133 208 1
227 1 5 260 409 1
228 3 9 627 662 1
229 7 5 137 324 1
230 5 1 353 502 1
231 1 7 520 583 1
232 7 3 142 239 1
233 2 4 457 552 1
234 4 7 569 680 1
235 7 2 560 705 1
236 8 4 860 967 1
237 4 7 983 1094 1
238 7 9 452 522 1
239 4 9 639 689 1
240 9 2 261 346 1
241 2 1 382 493 1
242 1 7 519 582 1
243 3 9 761 796 1
244 7 2 224 369 1
245 2 5 426 468 1
246 5 9 509 635 1
247 9 7 652 722 1
248 8 0 488 537 1
249 0 8 563 612 1
//Vehicles: idOfVehicle idOfStartingDepot nbTrips
0 -1 250
1 -1 250
2 -1 250
3 -1 250
4 -1 250
5 -1 250
6 -1 250
7 -1 250
8 -1 250
9 -1 250
10 -1 250
11 -1 250
12 -1 250
13 -1 250
14 -1 250
15 -1 250
16 -1 250
17 -1 250
18 -1 250
19 -1 250
20 -1 250
21 -1 250
22 -1 250
23 -1 250
24 -1 250
25 -1 250
26 -1 250
27 -1 250
28 -1 250
29 -1 250
30 -1 250
31 -1 250
32 -1 250
33 -1 250
34 -1 250
35 -1 250
36 -1 250
37 -1 250
38 -1 250
39 -1 250
40 -1 250
41 -1 250
42 -1 250
43 -1 250
44 -1 250
45 -1 250
46 -1 250
47 -1 250
48 -1 250
49 -1 250
50 -1 250
51 -1 250
52 -1 250
53 -1 250
54 -1 250
55 -1 250
56 -1 250
57 -1 250
58 -1 250
59 -1 250
60 -1 250
61 -1 250
62 -1 250
63 -1 250
64 -1 250
65 -1 250
66 -1 250
67 -1 250
//Drivers :idOfDriver idOfStartingDepot idOfEndingDepot nbTrips
0 -1 250
1 -1 250
2 -1 250
3 -1 250
4 -1 250
5 -1 250
6 -1 250
7 -1 250
8 -1 250
9 -1 250
10 -1 250
11 -1 250
12 -1 250
13 -1 250
14 -1 250
15 -1 250
16 -1 250
17 -1 250
18 -1 250
19 -1 250
20 -1 250
21 -1 250
22 -1 250
23 -1 250
24 -1 250
25 -1 250
26 -1 250
27 -1 250
28 -1 250
29 -1 250
30 -1 250
31 -1 250
32 -1 250
33 -1 250
34 -1 250
35 -1 250
36 -1 250
37 -1 250
38 -1 250
39 -1 250
40 -1 250
41 -1 250
42 -1 250
43 -1 250
44 -1 250
45 -1 250
46 -1 250
47 -1 250
48 -1 250
49 -1 250
50 -1 250
51 -1 250
52 -1 250
53 -1 250
54 -1 250
55 -1 250
56 -1 250
57 -1 250
58 -1 250
59 -1 250
60 -1 250
61 -1 250
62 -1 250
63 -1 250
64 -1 250
65 -1 250
66 -1 250
67 -1 250
//Graph arcs for trips can be performed successively: 
// idStartTrip idEndTrip costForVehicle costForDriver
0 1 780 39
0 3 5720 286
0 38 3080 154
0 48 5840 292
0 51 2220 111
0 70 2400 340
0 96 2240 112
0 110 3760 188
0 113 1040 52
0 140 1400 70
0 152 9380 469
0 156 2400 305
0 170 3120 156
0 184 3160 158
0 190 1740 87
0 206 2400 175
0 217 2400 238
0 225 2400 580
0 247 2180 109
1 2 1000 50
1 4 2400 281
1 18 2400 433
1 39 2400 146
1 45 1860 93
1 52 2400 130
1 59 2400 164
1 87 520 26
1 106 320 16
1 127 2400 280
1 129 2400 369
1 134 2400 288
1 136 2400 387
1 144 3280 164
1 162 2400 143
1 224 5520 276
2 3 540 27
2 48 660 33
2 70 1620 81
2 152 4200 210
2 156 920 46
2 225 2400 321
3 4 680 34
3 18 2400 186
3 127 660 33
3 129 2400 122
3 134 820 41
3 136 2400 140
3 224 580 29
4 41 780 39
4 128 380 19
4 135 560 28
4 208 860 43
5 6 620 31
5 22 2360 118
5 28 1540 77
5 37 2400 248
5 46 2400 549
5 65 2400 249
5 73 2400 452
5 77 1040 52
5 82 11040 552
5 94 2400 434
5 101 1460 73
5 132 2400 542
5 177 2400 591
5 180 2400 437
5 222 680 34
5 249 2400 289
6 7 320 16
6 68 3420 171
6 83 2400 551
6 98 2400 621
6 103 3780 189
6 111 2400 430
6 116 1520 76
6 118 2400 205
6 121 2400 464
6 142 2400 689
6 149 2400 193
6 155 2400 439
6 164 2400 610
6 166 2400 441
6 168 1820 91
6 193 5740 287
6 199 400 20
6 201 1600 80
6 216 2400 366
6 228 2400 268
6 243 2400 402
7 8 300 15
7 30 2140 107
7 49 9600 480
7 58 4480 224
7 123 10200 510
7 145 2400 511
7 153 2400 657
7 169 1900 95
7 183 2400 525
7 231 1320 66
7 242 1300 65
8 9 380 19
8 53 8940 447
8 99 2400 589
8 126 4860 243
8 141 7520 376
8 143 680 34
8 150 2160 108
8 176 3420 171
8 186 2400 635
8 220 2400 352
8 235 560 28
9 3 4160 208
9 38 1520 76
9 48 4280 214
9 51 660 33
9 70 2400 262
9 96 680 34
9 110 2200 110
9 152 7820 391
9 156 2400 227
9 170 1560 78
9 184 1600 80
9 206 1940 97
9 217 2400 160
9 225 2400 502
9 247 620 31
10 11 1180 59
10 16 14020 701
10 24 2400 396
10 31 2400 630
10 75 520 26
10 131 11520 576
10 138 2400 146
10 139 2400 576
10 192 7500 375
10 194 2400 624
10 202 8760 438
10 205 2400 637
10 230 4340 217
10 246 2400 373
11 9 2400 169
11 12 1080 54
11 29 1260 63
11 53 11940 597
11 61 620 31
11 67 700 35
11 71 1420 71
11 93 640 32
11 119 960 48
11 126 7860 393
11 130 2360 118
11 141 10520 526
11 143 2400 184
11 150 5160 258
11 154 2400 151
11 176 6420 321
11 204 1460 73
11 220 2400 502
11 235 3560 178
11 238 1400 70
12 1 1520 76
12 3 6460 323
12 38 3820 191
12 48 6580 329
12 51 2960 148
12 70 2400 377
12 96 2980 149
12 110 4500 225
12 113 1780 89
12 140 2140 107
12 152 10120 506
12 156 2400 342
12 170 3860 193
12 184 3900 195
12 190 2400 124
12 206 2400 212
12 214 740 37
12 217 2400 275
12 225 2400 617
12 247 2400 146
13 14 660 33
13 44 660 33
13 81 2380 119
13 97 3860 193
13 120 700 35
13 171 4400 220
14 15 1100 55
14 32 1780 89
14 40 2700 135
14 41 5820 291
14 69 660 33
14 89 1740 87
14 95 1040 52
14 128 5420 271
14 135 5600 280
14 151 2400 167
14 163 3120 156
14 203 480 24
14 207 2940 147
14 208 5900 295
14 236 2740 137
15 16 780 39
15 90 1580 79
15 172 2400 163
16 17 500 25
16 91 1220 61
16 124 2400 155
16 185 1500 75
16 209 2400 206
16 237 360 18
17 18 300 15
19 2 2400 639
19 20 1020 51
19 45 13640 682
19 52 2400 719
19 56 6320 316
19 62 2400 497
19 85 4100 205
19 87 2400 615
19 104 2400 535
19 106 2400 605
19 179 2400 427
19 188 5340 267
19 212 2400 580
19 233 7580 379
19 241 6080 304
19 245 6960 348
20 1 7360 368
20 3 12300 615
20 21 1060 53
20 35 3000 150
20 38 9660 483
20 43 2400 147
20 48 12420 621
20 51 8800 440
20 70 2400 669
20 79 2400 278
20 96 8820 441
20 110 10340 517
20 113 2400 381
20 115 3160 158
20 117 5840 292
20 140 7980 399
20 148 5740 287
20 156 2400 634
20 157 940 47
20 161 5040 252
20 170 9700 485
20 175 4160 208
20 184 9740 487
20 190 2400 416
20 200 2660 133
20 206 2400 504
20 214 6580 329
20 217 2400 567
20 218 4160 208
20 240 940 47
20 247 2400 438
21 22 960 48
21 37 2400 178
21 46 2400 479
21 65 2400 179
21 73 2400 382
21 82 9640 482
21 94 2400 364
21 132 2400 472
21 177 2400 521
21 180 2400 367
21 249 2400 219
22 13 2940 147
22 15 6740 337
22 23 840 42
22 32 2400 371
22 40 8340 417
22 41 11460 573
22 47 3420 171
22 66 2400 147
22 69 2400 315
22 80 4180 209
22 88 4020 201
22 89 7380 369
22 95 2400 334
22 109 2400 140
22 122 2400 253
22 125 2400 125
22 128 11060 553
22 133 2040 102
22 135 11240 562
22 151 2400 449
22 159 3740 187
22 163 8760 438
22 181 2960 148
22 203 2400 306
22 207 8580 429
22 208 11540 577
22 211 1020 51
22 223 2400 259
22 236 8380 419
22 248 940 47
23 16 6680 334
23 24 580 29
23 31 2400 263
23 90 7480 374
23 131 4180 209
23 139 2400 209
23 172 2400 458
23 194 2400 257
23 202 1420 71
23 205 2400 270
24 13 720 36
24 15 4520 226
24 32 2400 260
24 40 6120 306
24 41 9240 462
24 47 1200 60
24 66 720 36
24 69 2400 204
24 80 1960 98
24 88 1800 90
24 89 5160 258
24 95 2400 223
24 109 580 29
24 122 2400 142
24 128 8840 442
24 135 9020 451
24 151 2400 338
24 159 1520 76
24 163 6540 327
24 181 740 37
24 203 2400 195
24 207 6360 318
24 208 9320 466
24 223 2400 148
24 236 6160 308
25 6 3040 152
25 22 2400 239
25 26 520 26
25 28 2400 198
25 37 2400 369
25 46 2400 670
25 64 2540 127
25 65 2400 370
25 73 2400 573
25 77 3460 173
25 82 13460 673
25 94 2400 555
25 101 3880 194
25 132 2400 663
25 177 2400 712
25 180 2400 558
25 222 2400 155
25 249 2400 410
26 7 2840 142
26 27 940 47
26 68 5940 297
26 83 2400 677
26 103 6300 315
26 111 2400 556
26 116 2400 202
26 118 2400 331
26 121 2400 590
26 149 2400 319
26 155 2400 565
26 158 1760 88
26 166 2400 567
26 168 4340 217
26 193 8260 413
26 199 2920 146
26 201 4120 206
26 216 2400 492
26 228 2400 394
26 243 2400 528
27 22 1160 58
27 28 340 17
27 37 2400 188
27 46 2400 489
27 65 2400 189
27 73 2400 392
27 82 9840 492
27 94 2400 374
27 132 2400 482
27 177 2400 531
27 180 2400 377
27 249 2400 229
28 9 1060 53
28 53 9620 481
28 99 2400 623
28 126 5540 277
28 141 8200 410
28 143 1360 68
28 150 2840 142
28 154 700 35
28 176 4100 205
28 186 2400 669
28 220 2400 386
28 235 1240 62
29 30 1060 53
29 49 8520 426
29 58 3400 170
29 123 9120 456
29 145 2400 457
29 153 2400 603
29 169 820 41
29 183 2400 471
30 16 2540 127
30 31 1120 56
30 90 3340 167
30 172 2400 251
30 194 1000 50
30 205 1260 63
31 32 520 26
31 40 1440 72
31 41 4560 228
31 89 480 24
31 128 4160 208
31 135 4340 217
31 151 2080 104
31 163 1860 93
31 207 1680 84
31 208 4640 232
31 236 1480 74
32 99 2400 138
32 186 2400 184
33 8 2400 269
33 30 7220 361
33 34 900 45
33 58 9560 478
33 147 1420 71
33 169 2400 349
33 197 2400 214
33 227 1200 60
33 231 2400 320
33 242 2400 319
34 1 5240 262
34 3 10180 509
34 35 880 44
34 38 7540 377
34 43 820 41
34 48 10300 515
34 51 6680 334
34 70 2400 563
34 79 2400 172
34 96 6700 335
34 110 8220 411
34 113 2400 275
34 115 1040 52
34 117 3720 186
34 140 5860 293
34 148 3620 181
34 152 13840 692
34 156 2400 528
34 161 2920 146
34 170 7580 379
34 175 2040 102
34 184 7620 381
34 190 2400 310
34 200 540 27
34 206 2400 398
34 214 4460 223
34 217 2400 461
34 218 2040 102
34 247 2400 332
35 17 11520 576
35 36 520 26
35 57 1800 90
35 72 4160 208
35 91 12240 612
35 124 2400 706
35 160 2400 336
35 182 5940 297
35 185 2400 626
35 189 1080 54
35 215 4640 232
35 234 2400 155
35 237 2400 569
35 239 2400 225
36 37 420 21
36 42 2400 598
36 46 2400 322
36 50 2400 586
36 65 440 22
36 73 2400 225
36 82 6500 325
36 92 2400 628
36 94 2400 207
36 132 2400 315
36 173 12240 612
36 177 2400 364
36 180 2400 210
36 249 1240 62
37 53 6200 310
37 99 2400 452
37 126 2120 106
37 141 4780 239
37 176 680 34
37 186 2400 498
37 220 2400 215
38 4 2400 166
38 18 2400 318
38 39 620 31
38 52 300 15
38 59 980 49
38 127 2400 165
38 129 2400 254
38 134 2400 173
38 136 2400 272
38 144 980 49
38 162 560 28
38 224 3220 161
39 40 360 18
39 41 3480 174
39 128 3080 154
39 135 3260 163
39 151 1000 50
39 163 780 39
39 207 600 30
39 208 3560 178
39 236 400 20
40 4 1260 63
40 18 2400 215
40 127 1240 62
40 129 2400 151
40 134 1400 70
40 136 2400 169
40 224 1160 58
41 42 720 36
41 50 480 24
41 92 1320 66
41 173 1000 50
43 13 2400 120
43 15 6200 310
43 23 300 15
43 32 2400 344
43 40 7800 390
43 41 10920 546
43 47 2880 144
43 66 2400 120
43 69 2400 288
43 80 3640 182
43 88 3480 174
43 89 6840 342
43 95 2400 307
43 109 2260 113
43 122 2400 226
43 125 1960 98
43 128 10520 526
43 133 1500 75
43 135 10700 535
43 151 2400 422
43 159 3200 160
43 163 8220 411
43 181 2420 121
43 203 2400 279
43 207 8040 402
43 208 11000 550
43 211 480 24
43 223 2400 232
43 236 7840 392
43 248 400 20
44 4 2400 204
44 18 2400 356
44 39 1380 69
44 45 320 16
44 52 1060 53
44 59 1740 87
44 127 2400 203
44 129 2400 292
44 134 2400 211
44 136 2400 310
44 144 1740 87
44 162 1320 66
44 224 3980 199
45 42 2400 291
45 46 300 15
45 50 2400 279
45 82 360 18
45 92 2400 321
45 173 6100 305
45 177 1140 57
46 152 2240 112
46 225 2400 223
47 2 1560 78
47 4 2400 309
47 18 2400 461
47 39 2400 174
47 45 2420 121
47 52 2400 158
47 59 2400 192
47 87 1080 54
47 106 880 44
47 127 2400 308
47 129 2400 397
47 134 2400 316
47 136 2400 415
47 144 3840 192
47 162 2400 171
47 212 380 19
47 224 6080 304
48 49 480 24
48 123 1080 54
48 145 1100 55
48 153 2400 201
48 183 1380 69
49 42 640 32
49 50 400 20
49 92 1240 62
49 173 920 46
51 4 2400 209
51 18 2400 361
51 39 1480 74
51 45 420 21
51 52 1160 58
51 59 1840 92
51 127 2400 208
51 129 2400 297
51 134 2400 216
51 136 2400 315
51 144 1840 92
51 162 1420 71
51 224 4080 204
52 53 740 37
52 99 2400 179
52 186 2400 225
53 54 740 37
53 174 2360 118
55 2 2400 347
55 4 2400 578
55 39 2400 443
55 45 7800 390
55 52 2400 427
55 56 480 24
55 59 2400 461
55 62 2400 205
55 87 2400 323
55 104 2400 243
55 106 2400 313
55 127 2400 577
55 129 2400 666
55 134 2400 585
55 136 2400 684
55 144 9220 461
55 162 2400 440
55 179 2400 135
55 212 2400 288
55 224 11460 573
55 233 1740 87
55 245 1120 56
56 17 10020 501
56 57 300 15
56 72 2660 133
56 91 10740 537
56 124 2400 631
56 160 2400 261
56 182 4440 222
56 185 2400 551
56 209 2400 682
56 215 3140 157
56 234 1600 80
56 237 2400 494
56 239 2400 150
57 49 6100 305
57 58 980 49
57 123 6700 335
57 145 2400 336
57 153 2400 482
57 183 2400 350
58 4 2400 159
58 18 2400 311
58 39 480 24
58 59 840 42
58 127 2400 158
58 129 2400 247
58 134 2400 166
58 136 2400 265
58 144 840 42
58 162 420 21
58 224 3080 154
59 41 3120 156
59 128 2720 136
59 135 2900 145
59 151 640 32
59 163 420 21
59 208 3200 160
60 11 2140 107
60 24 2400 444
60 31 2400 678
60 75 1480 74
60 131 12480 624
60 138 2400 194
60 139 2400 624
60 192 8460 423
60 194 2400 672
60 202 9720 486
60 205 2400 685
60 230 5300 265
60 246 2400 421
61 2 2400 159
61 4 2400 390
61 18 2400 542
61 39 2400 255
61 45 4040 202
61 52 2400 239
61 59 2400 273
61 62 340 17
61 87 2400 135
61 104 1100 55
61 106 2400 125
61 127 2400 389
61 129 2400 478
61 134 2400 397
61 136 2400 496
61 144 5460 273
61 162 2400 252
61 212 2000 100
61 224 7700 385
62 15 3520 176
62 32 2400 210
62 40 5120 256
62 41 8240 412
62 69 2400 154
62 80 960 48
62 88 800 40
62 89 4160 208
62 95 2400 173
62 122 1840 92
62 128 7840 392
62 135 8020 401
62 151 2400 288
62 159 520 26
62 163 5540 277
62 203 2400 145
62 207 5360 268
62 208 8320 416
62 223 1960 98
62 236 5160 258
63 6 1400 70
63 22 2400 157
63 28 2320 116
63 37 2400 287
63 46 2400 588
63 64 900 45
63 65 2400 288
63 73 2400 491
63 77 1820 91
63 82 11820 591
63 94 2400 473
63 101 2240 112
63 132 2400 581
63 177 2400 630
63 180 2400 476
63 222 1460 73
63 249 2400 328
64 17 12980 649
64 36 1980 99
64 57 3260 163
64 72 5620 281
64 78 1220 61
64 86 1440 72
64 91 13700 685
64 160 2400 409
64 182 7400 370
64 185 2400 699
64 189 2540 127
64 215 6100 305
64 234 2400 228
64 237 2400 642
64 239 2400 298
65 13 320 16
65 15 4120 206
65 32 2400 240
65 40 5720 286
65 41 8840 442
65 47 800 40
65 66 320 16
65 69 2400 184
65 80 1560 78
65 88 1400 70
65 89 4760 238
65 95 2400 203
65 122 2400 122
65 128 8440 422
65 135 8620 431
65 151 2400 318
65 159 1120 56
65 163 6140 307
65 181 340 17
65 203 2400 175
65 207 5960 298
65 208 8920 446
65 223 2400 128
65 236 5760 288
66 3 2680 134
66 48 2800 140
66 70 2400 188
66 110 720 36
66 152 6340 317
66 156 2400 153
66 206 460 23
66 217 1720 86
66 225 2400 428
67 54 2400 599
67 68 320 16
67 83 2400 396
67 98 2400 466
67 103 680 34
67 111 2400 275
67 118 1000 50
67 121 2400 309
67 142 2400 534
67 149 760 38
67 155 2400 284
67 164 2400 455
67 166 2400 286
67 174 2400 680
67 193 2640 132
67 216 2400 211
67 228 2260 113
67 243 2400 247
68 14 780 39
68 44 780 39
68 81 2500 125
68 97 3980 199
68 120 820 41
68 171 4520 226
69 70 400 20
69 152 2980 149
69 225 2400 260
70 53 520 26
70 99 2400 168
70 186 2400 214
71 17 8520 426
71 72 1160 58
71 91 9240 462
71 124 2400 556
71 160 2400 186
71 182 2940 147
71 185 2400 476
71 209 2400 607
71 215 1640 82
71 237 2400 419
71 239 1500 75
72 42 2400 416
72 46 2400 140
72 50 2400 404
72 73 860 43
72 82 2860 143
72 92 2400 446
72 94 500 25
72 132 2400 133
72 173 8600 430
72 177 2400 182
72 180 560 28
73 53 2120 106
73 99 2400 248
73 141 700 35
73 186 2400 294
74 11 1060 53
74 16 13900 695
74 24 2400 390
74 31 2400 624
74 75 400 20
74 131 11400 570
74 138 2400 140
74 139 2400 570
74 192 7380 369
74 194 2400 618
74 202 8640 432
74 205 2400 631
74 230 4220 211
74 246 2400 367
75 14 2400 451
75 44 9020 451
75 76 500 25
75 81 10740 537
75 97 12220 611
75 102 4180 209
75 108 3700 185
75 120 9060 453
75 171 12760 638
75 219 7540 377
76 22 1880 94
76 28 1060 53
76 37 2400 224
76 46 2400 525
76 65 2400 225
76 73 2400 428
76 77 560 28
76 82 10560 528
76 94 2400 410
76 101 980 49
76 132 2400 518
76 177 2400 567
76 180 2400 413
76 249 2400 265
77 17 12060 603
77 36 1060 53
77 57 2340 117
77 72 4700 235
77 78 300 15
77 86 520 26
77 91 12780 639
77 160 2400 363
77 182 6480 324
77 185 2400 653
77 189 1620 81
77 215 5180 259
77 234 2400 182
77 237 2400 596
77 239 2400 252
78 1 2600 130
78 3 7540 377
78 38 4900 245
78 48 7660 383
78 51 4040 202
78 70 2400 431
78 79 800 40
78 96 4060 203
78 110 5580 279
78 113 2400 143
78 117 1080 54
78 140 3220 161
78 148 980 49
78 152 11200 560
78 156 2400 396
78 170 4940 247
78 184 4980 249
78 190 2400 178
78 206 2400 266
78 214 1820 91
78 217 2400 329
78 225 2400 671
78 247 2400 200
79 15 3580 179
79 32 2400 213
79 40 5180 259
79 41 8300 415
79 69 2400 157
79 80 1020 51
79 88 860 43
79 89 4220 211
79 95 2400 176
79 122 1900 95
79 128 7900 395
79 135 8080 404
79 151 2400 291
79 159 580 29
79 163 5600 280
79 203 2400 148
79 207 5420 271
79 208 8380 419
79 223 2020 101
79 236 5220 261
80 81 1140 57
80 97 2620 131
80 171 3160 158
81 42 2400 289
81 50 2400 277
81 82 320 16
81 92 2400 319
81 173 6060 303
81 177 1100 55
82 54 2400 233
82 83 600 30
82 98 2000 100
82 142 2400 168
82 164 1780 89
82 174 2400 314
83 152 1340 67
83 225 2400 178
84 2 2400 460
84 4 2400 691
84 39 2400 556
84 45 10060 503
84 52 2400 540
84 56 2740 137
84 59 2400 574
84 62 2400 318
84 85 520 26
84 87 2400 436
84 104 2400 356
84 106 2400 426
84 127 2400 690
84 134 2400 698
84 144 11480 574
84 162 2400 553
84 179 2400 248
84 188 1760 88
84 212 2400 401
84 224 13720 686
84 233 4000 200
84 241 2500 125
84 245 3380 169
85 17 12240 612
85 36 1240 62
85 57 2520 126
85 72 4880 244
85 78 480 24
85 86 700 35
85 91 12960 648
85 160 2400 372
85 182 6660 333
85 185 2400 662
85 189 1800 90
85 215 5360 268
85 234 2400 191
85 237 2400 605
85 239 2400 261
86 1 2380 119
86 3 7320 366
86 38 4680 234
86 48 7440 372
86 51 3820 191
86 70 2400 420
86 79 580 29
86 96 3840 192
86 110 5360 268
86 113 2400 132
86 117 860 43
86 140 3000 150
86 148 760 38
86 152 10980 549
86 156 2400 385
86 170 4720 236
86 184 4760 238
86 190 2400 167
86 206 2400 255
86 214 1600 80
86 217 2400 318
86 225 2400 660
86 247 2400 189
87 15 1160 58
87 32 1840 92
87 40 2760 138
87 41 5880 294
87 69 720 36
87 89 1800 90
87 95 1100 55
87 128 5480 274
87 135 5660 283
87 151 2400 170
87 163 3180 159
87 203 540 27
87 207 3000 150
87 208 5960 298
87 236 2800 140
88 16 3500 175
88 31 2080 104
88 90 4300 215
88 131 1000 50
88 139 1000 50
88 172 2400 299
88 194 1960 98
88 205 2220 111
89 90 940 47
89 172 2400 131
90 91 420 21
90 124 2300 115
90 185 700 35
90 209 2400 166
91 92 840 42
91 173 520 26
93 17 9300 465
93 72 1940 97
93 91 10020 501
93 124 2400 595
93 160 2400 225
93 182 3720 186
93 185 2400 515
93 209 2400 646
93 215 2420 121
93 234 880 44
93 237 2400 458
93 239 2280 114
94 15 420 21
94 32 1100 55
94 40 2020 101
94 41 5140 257
94 89 1060 53
94 95 360 18
94 128 4740 237
94 135 4920 246
94 151 2400 133
94 163 2440 122
94 207 2260 113
94 208 5220 261
94 236 2060 103
95 53 660 33
95 99 2400 175
95 186 2400 221
96 97 960 48
96 171 1500 75
97 54 2400 178
97 98 900 45
97 142 2260 113
97 164 680 34
97 174 2400 259
98 99 880 44
98 186 1800 90
100 14 2400 521
100 44 10420 521
100 76 1900 95
100 81 12140 607
100 97 13620 681
100 102 5580 279
100 108 5100 255
100 120 10460 523
100 171 14160 708
100 196 820 41
100 219 8940 447
101 14 2400 273
101 44 5460 273
101 81 7180 359
101 97 8660 433
101 102 620 31
101 120 5500 275
101 171 9200 460
101 219 3980 199
102 54 2400 580
102 83 2400 377
102 98 2400 447
102 103 300 15
102 111 2400 256
102 118 620 31
102 121 2400 290
102 142 2400 515
102 149 380 19
102 155 2400 265
102 164 2400 436
102 166 2400 267
102 174 2400 661
102 193 2260 113
102 216 2400 192
102 228 1880 94
102 243 2400 228
103 2 2380 119
103 4 2400 350
103 18 2400 502
103 39 2400 215
103 45 3240 162
103 52 2400 199
103 59 2400 233
103 87 1900 95
103 104 300 15
103 106 1700 85
103 127 2400 349
103 129 2400 438
103 134 2400 357
103 136 2400 456
103 144 4660 233
103 162 2400 212
103 212 1200 60
103 224 6900 345
104 15 2760 138
104 32 2400 172
104 40 4360 218
104 41 7480 374
104 69 2320 116
104 89 3400 170
104 95 2400 135
104 122 1080 54
104 128 7080 354
104 135 7260 363
104 151 2400 250
104 163 4780 239
104 203 2140 107
104 207 4600 230
104 208 7560 378
104 223 1200 60
104 236 4400 220
105 13 2100 105
105 15 5900 295
105 32 2400 329
105 40 7500 375
105 41 10620 531
105 47 2580 129
105 66 2100 105
105 69 2400 273
105 80 3340 167
105 88 3180 159
105 89 6540 327
105 95 2400 292
105 109 1960 98
105 122 2400 211
105 125 1660 83
105 128 10220 511
105 133 1200 60
105 135 10400 520
105 151 2400 407
105 159 2900 145
105 163 7920 396
105 181 2120 106
105 203 2400 264
105 207 7740 387
105 208 10700 535
105 223 2400 217
105 236 7540 377
106 53 3020 151
106 99 2400 293
106 141 1600 80
106 186 2400 339
106 220 1120 56
107 14 2400 293
107 44 5860 293
107 81 7580 379
107 97 9060 453
107 102 1020 51
107 108 540 27
107 120 5900 295
107 171 9600 480
107 219 4380 219
108 16 7440 372
108 24 1340 67
108 31 2400 301
108 90 8240 412
108 131 4940 247
108 139 2400 247
108 172 2400 496
108 192 920 46
108 194 2400 295
108 202 2180 109
108 205 2400 308
108 246 880 44
109 3 2820 141
109 48 2940 147
109 70 2400 195
109 110 860 43
109 152 6480 324
109 156 2400 160
109 206 600 30
109 217 1860 93
109 225 2400 435
110 54 2400 347
110 83 2400 144
110 98 2400 214
110 111 460 23
110 121 1140 57
110 142 2400 282
110 155 640 32
110 164 2400 203
110 166 680 34
110 174 2400 428
111 41 3020 151
111 128 2620 131
111 135 2800 140
111 151 540 27
111 163 320 16
111 208 3100 155
112 0 2400 120
112 13 5440 272
112 15 9240 462
112 23 3340 167
112 32 2400 496
112 40 10840 542
112 41 13960 698
112 47 5920 296
112 55 540 27
112 66 2400 272
112 69 2400 440
112 80 6680 334
112 88 6520 326
112 89 9880 494
112 95 2400 459
112 109 2400 265
112 122 2400 378
112 125 2400 250
112 128 13560 678
112 133 2400 227
112 135 13740 687
112 151 2400 574
112 159 6240 312
112 163 11260 563
112 181 5460 273
112 203 2400 431
112 207 11080 554
112 208 14040 702
112 211 3520 176
112 223 2400 384
112 236 10880 544
112 248 3440 172
113 53 6280 314
113 99 2400 456
113 126 2200 110
113 141 4860 243
113 176 760 38
113 186 2400 502
113 220 2400 219
114 8 2400 295
114 30 7740 387
114 34 1420 71
114 58 10080 504
114 147 1940 97
114 169 2400 375
114 197 2400 240
114 227 1720 86
114 231 2400 346
114 242 2400 345
115 54 2400 706
115 68 2460 123
115 83 2400 503
115 98 2400 573
115 103 2820 141
115 111 2400 382
115 116 560 28
115 118 2400 157
115 121 2400 416
115 142 2400 641
115 149 2400 145
115 155 2400 391
115 164 2400 562
115 166 2400 393
115 168 860 43
115 193 4780 239
115 201 640 32
115 216 2400 318
115 228 2400 220
115 243 2400 354
116 1 2240 112
116 3 7180 359
116 38 4540 227
116 48 7300 365
116 51 3680 184
116 70 2400 413
116 79 440 22
116 96 3700 185
116 110 5220 261
116 113 2400 125
116 117 720 36
116 140 2860 143
116 148 620 31
116 152 10840 542
116 156 2400 378
116 170 4580 229
116 184 4620 231
116 190 2400 160
116 206 2400 248
116 214 1460 73
116 217 2400 311
116 225 2400 653
116 247 2400 182
117 54 2400 572
117 83 2400 369
117 98 2400 439
117 111 2400 248
117 118 460 23
117 121 2400 282
117 142 2400 507
117 155 2400 257
117 164 2400 428
117 166 2400 259
117 174 2400 653
117 193 2100 105
117 216 2400 184
117 228 1720 86
117 243 2400 220
118 3 4600 230
118 38 1960 98
118 48 4720 236
118 51 1100 55
118 70 2400 284
118 96 1120 56
118 110 2640 132
118 152 8260 413
118 156 2400 249
118 170 2000 100
118 184 2040 102
118 190 620 31
118 206 2380 119
118 217 2400 182
118 225 2400 524
118 247 1060 53
119 14 880 44
119 44 880 44
119 81 2600 130
119 97 4080 204
119 120 920 46
119 171 4620 231
120 54 2400 336
120 83 2400 133
120 98 2400 203
120 121 920 46
120 142 2400 271
120 155 420 21
120 164 2400 192
120 166 460 23
120 174 2400 417
121 53 1180 59
121 99 2400 201
121 186 2400 247
122 3 560 28
122 48 680 34
122 70 1640 82
122 152 4220 211
122 156 940 47
122 225 2400 322
123 124 620 31
123 209 1640 82
125 53 4840 242
125 99 2400 384
125 126 760 38
125 141 3420 171
125 186 2400 430
125 220 2400 147
126 4 560 28
126 18 2400 180
126 127 540 27
126 129 2320 116
126 134 700 35
126 136 2400 134
126 224 460 23
127 41 800 40
127 128 400 20
127 135 580 29
127 208 880 44
128 18 1580 79
128 129 300 15
128 136 660 33
130 16 3000 150
130 31 1580 79
130 90 3800 190
130 131 500 25
130 139 500 25
130 172 2400 274
130 194 1460 73
130 205 1720 86
131 42 2400 318
131 46 840 42
131 50 2400 306
131 82 900 45
131 92 2400 348
131 132 700 35
131 173 6640 332
131 177 1680 84
132 53 320 16
132 99 2400 158
132 186 2400 204
133 53 5300 265
133 99 2400 407
133 126 1220 61
133 141 3880 194
133 186 2400 453
133 220 2400 170
134 41 640 32
134 135 420 21
134 208 720 36
135 18 1400 70
135 136 480 24
137 16 11880 594
137 24 2400 289
137 31 2400 523
137 90 12680 634
137 131 9380 469
137 138 780 39
137 139 2400 469
137 172 2400 718
137 192 5360 268
137 194 2400 517
137 202 6620 331
137 205 2400 530
137 230 2200 110
137 246 2400 266
138 9 1640 82
138 53 10200 510
138 99 2400 652
138 126 6120 306
138 130 620 31
138 141 8780 439
138 143 1940 97
138 150 3420 171
138 154 1280 64
138 176 4680 234
138 186 2400 698
138 220 2400 415
138 235 1820 91
139 15 920 46
139 32 1600 80
139 40 2520 126
139 41 5640 282
139 69 480 24
139 89 1560 78
139 95 860 43
139 128 5240 262
139 135 5420 271
139 151 2400 158
139 163 2940 147
139 203 300 15
139 207 2760 138
139 208 5720 286
139 236 2560 128
140 42 2400 409
140 46 2400 133
140 50 2400 397
140 73 720 36
140 82 2720 136
140 92 2400 439
140 94 360 18
140 132 2400 126
140 173 8460 423
140 177 2400 175
140 180 420 21
141 54 2160 108
141 142 860 43
141 174 2400 189
142 225 800 40
143 3 3860 193
143 38 1220 61
143 48 3980 199
143 51 360 18
143 70 2400 247
143 96 380 19
143 110 1900 95
143 152 7520 376
143 156 2400 212
143 170 1260 63
143 184 1300 65
143 206 1640 82
143 217 2400 145
143 225 2400 487
143 247 320 16
144 123 440 22
144 145 460 23
144 153 2400 169
144 183 740 37
145 99 1860 93
145 186 2400 139
146 8 2400 241
146 30 6660 333
146 34 340 17
146 49 14120 706
146 58 9000 450
146 147 860 43
146 169 2400 321
146 197 2400 186
146 227 640 32
146 231 2400 292
146 242 2400 291
147 7 500 25
147 68 3600 180
147 83 2400 560
147 98 2400 630
147 103 3960 198
147 111 2400 439
147 116 1700 85
147 118 2400 214
147 121 2400 473
147 142 2400 698
147 149 2400 202
147 155 2400 448
147 164 2400 619
147 166 2400 450
147 168 2000 100
147 193 5920 296
147 199 580 29
147 201 1780 89
147 216 2400 375
147 228 2400 277
147 243 2400 411
148 54 2400 577
148 83 2400 374
148 98 2400 444
148 111 2400 253
148 118 560 28
148 121 2400 287
148 142 2400 512
148 149 320 16
148 155 2400 262
148 164 2400 433
148 166 2400 264
148 174 2400 658
148 193 2200 110
148 216 2400 189
148 228 1820 91
148 243 2400 225
149 15 3040 152
149 32 2400 186
149 40 4640 232
149 41 7760 388
149 69 2400 130
149 80 480 24
149 88 320 16
149 89 3680 184
149 95 2400 149
149 122 1360 68
149 128 7360 368
149 135 7540 377
149 151 2400 264
149 163 5060 253
149 203 2400 121
149 207 4880 244
149 208 7840 392
149 223 1480 74
149 236 4680 234
150 54 2400 376
150 83 2400 173
150 98 2400 243
150 111 1040 52
150 121 1720 86
150 142 2400 311
150 155 1220 61
150 164 2400 232
150 166 1260 63
150 174 2400 457
150 243 480 24
151 152 300 15
151 225 2400 126
152 153 480 24
154 3 4520 226
154 38 1880 94
154 48 4640 232
154 51 1020 51
154 70 2400 280
154 96 1040 52
154 110 2560 128
154 152 8180 409
154 156 2400 245
154 170 1920 96
154 184 1960 98
154 190 540 27
154 206 2300 115
154 217 2400 178
154 225 2400 520
154 247 980 49
155 70 1000 50
155 152 3580 179
155 156 300 15
155 225 2400 290
156 53 1220 61
156 99 2400 203
156 186 2400 249
157 7 1580 79
157 68 4680 234
157 83 2400 614
157 98 2400 684
157 103 5040 252
157 111 2400 493
157 116 2400 139
157 118 2400 268
157 121 2400 527
157 149 2400 256
157 155 2400 502
157 158 500 25
157 164 2400 673
157 166 2400 504
157 168 3080 154
157 193 7000 350
157 199 1660 83
157 201 2860 143
157 216 2400 429
157 228 2400 331
157 243 2400 465
158 1 4520 226
158 3 9460 473
158 38 6820 341
158 48 9580 479
158 51 5960 298
158 70 2400 527
158 79 2400 136
158 96 5980 299
158 110 7500 375
158 113 2400 239
158 115 320 16
158 117 3000 150
158 140 5140 257
158 148 2900 145
158 152 13120 656
158 156 2400 492
158 161 2200 110
158 170 6860 343
158 175 1320 66
158 184 6900 345
158 190 2400 274
158 206 2400 362
158 214 3740 187
158 217 2400 425
158 218 1320 66
158 247 2400 296
159 17 5100 255
159 91 5820 291
159 124 2400 385
159 160 300 15
159 185 2400 305
159 209 2400 436
159 237 2400 248
160 3 580 29
160 48 700 35
160 70 1660 83
160 152 4240 212
160 156 960 48
160 225 2400 323
161 30 400 20
161 49 7860 393
161 58 2740 137
161 123 8460 423
161 145 2400 424
161 153 2400 570
161 183 2400 438
162 40 420 21
162 41 3540 177
162 128 3140 157
162 135 3320 166
162 151 1060 53
162 163 840 42
162 207 660 33
162 208 3620 181
162 236 460 23
163 54 2400 160
163 98 540 27
163 142 1900 95
163 164 320 16
163 174 2400 241
164 225 2380 119
165 14 2060 103
165 44 2060 103
165 81 3780 189
165 97 5260 263
165 120 2100 105
165 171 5800 290
165 219 580 29
166 53 1640 82
166 99 2400 224
166 186 2400 270
167 1 6300 315
167 3 11240 562
167 35 1940 97
167 38 8600 430
167 43 1880 94
167 48 11360 568
167 51 7740 387
167 70 2400 616
167 79 2400 225
167 96 7760 388
167 110 9280 464
167 113 2400 328
167 115 2100 105
167 117 4780 239
167 140 6920 346
167 148 4680 234
167 156 2400 581
167 161 3980 199
167 170 8640 432
167 175 3100 155
167 184 8680 434
167 190 2400 363
167 200 1600 80
167 206 2400 451
167 214 5520 276
167 217 2400 514
167 218 3100 155
167 247 2400 385
168 30 640 32
168 49 8100 405
168 58 2980 149
168 123 8700 435
168 145 2400 436
168 153 2400 582
168 169 400 20
168 183 2400 450
169 15 1820 91
169 32 2400 125
169 40 3420 171
169 41 6540 327
169 69 1380 69
169 89 2460 123
169 95 1760 88
169 128 6140 307
169 135 6320 316
169 151 2400 203
169 163 3840 192
169 203 1200 60
169 207 3660 183
169 208 6620 331
169 236 3460 173
170 171 620 31
171 172 860 43
172 41 660 33
172 135 440 22
172 208 740 37
173 174 540 27
175 37 460 23
175 42 2400 600
175 46 2400 324
175 50 2400 588
175 65 480 24
175 73 2400 227
175 82 6540 327
175 92 2400 630
175 94 2400 209
175 132 2400 317
175 173 12280 614
175 177 2400 366
175 180 2400 212
175 249 1280 64
176 42 2400 249
176 50 2400 237
176 92 2400 279
176 173 5260 263
176 177 300 15
177 152 1400 70
177 225 2400 181
178 2 2400 244
178 4 2400 475
178 18 2400 627
178 39 2400 340
178 45 5740 287
178 52 2400 324
178 59 2400 358
178 62 2040 102
178 87 2400 220
178 104 2400 140
178 106 2400 210
178 127 2400 474
178 129 2400 563
178 134 2400 482
178 136 2400 581
178 144 7160 358
178 162 2400 337
178 179 640 32
178 212 2400 185
178 224 9400 470
179 3 4780 239
179 38 2140 107
179 48 4900 245
179 51 1280 64
179 70 2400 293
179 96 1300 65
179 110 2820 141
179 140 460 23
179 152 8440 422
179 156 2400 258
179 170 2180 109
179 184 2220 111
179 190 800 40
179 206 2400 128
179 217 2400 191
179 225 2400 533
179 247 1240 62
180 53 2420 121
180 99 2400 263
180 141 1000 50
180 186 2400 309
180 220 520 26
181 17 5880 294
181 91 6600 330
181 124 2400 424
181 160 1080 54
181 182 300 15
181 185 2400 344
181 209 2400 475
181 237 2400 287
182 4 2400 142
182 18 2400 294
182 59 500 25
182 127 2400 141
182 129 2400 230
182 134 2400 149
182 136 2400 248
182 144 500 25
182 224 2740 137
184 90 1000 50
184 172 2400 134
185 186 320 16
187 2 2400 399
187 4 2400 630
187 39 2400 495
187 45 8840 442
187 52 2400 479
187 56 1520 76
187 59 2400 513
187 62 2400 257
187 87 2400 375
187 104 2400 295
187 106 2400 365
187 127 2400 629
187 129 2400 718
187 134 2400 637
187 144 10260 513
187 162 2400 492
187 179 2400 187
187 188 540 27
187 212 2400 340
187 224 12500 625
187 233 2780 139
187 241 1280 64
187 245 2160 108
188 17 11000 550
188 57 1280 64
188 72 3640 182
188 91 11720 586
188 124 2400 680
188 160 2400 310
188 182 5420 271
188 185 2400 600
188 189 560 28
188 215 4120 206
188 234 2400 129
188 237 2400 543
188 239 2400 199
189 54 2400 584
189 83 2400 381
189 98 2400 451
189 103 380 19
189 111 2400 260
189 118 700 35
189 121 2400 294
189 142 2400 519
189 149 460 23
189 155 2400 269
189 164 2400 440
189 166 2400 271
189 174 2400 665
189 193 2340 117
189 216 2400 196
189 228 1960 98
189 243 2400 232
190 53 5580 279
190 99 2400 421
190 126 1500 75
190 141 4160 208
190 186 2400 467
190 220 2400 184
191 14 2400 376
191 44 7520 376
191 81 9240 462
191 97 10720 536
191 102 2680 134
191 108 2200 110
191 120 7560 378
191 171 11260 563
191 219 6040 302
192 54 2400 510
192 83 2400 307
192 98 2400 377
192 111 2400 186
192 121 2400 220
192 142 2400 445
192 155 2400 195
192 164 2400 366
192 166 2400 197
192 174 2400 591
192 193 860 43
192 216 2400 122
192 228 480 24
192 243 2400 158
193 16 1980 99
193 31 560 28
193 90 2780 139
193 172 2400 223
193 194 440 22
193 205 700 35
194 32 640 32
194 40 1560 78
194 41 4680 234
194 89 600 30
194 128 4280 214
194 135 4460 223
194 151 2200 110
194 163 1980 99
194 207 1800 90
194 208 4760 238
194 236 1600 80
195 14 2400 502
195 44 10040 502
195 76 1520 76
195 81 11760 588
195 97 13240 662
195 102 5200 260
195 108 4720 236
195 120 10080 504
195 171 13780 689
195 196 440 22
195 219 8560 428
196 8 1980 99
196 30 3820 191
196 49 11280 564
196 58 6160 308
196 123 11880 594
196 145 2400 595
196 169 2400 179
196 183 2400 609
196 197 880 44
196 231 2400 150
196 242 2400 149
197 1 1860 93
197 3 6800 340
197 38 4160 208
197 48 6920 346
197 51 3300 165
197 70 2400 394
197 96 3320 166
197 110 4840 242
197 113 2120 106
197 117 340 17
197 140 2480 124
197 152 10460 523
197 156 2400 359
197 170 4200 210
197 184 4240 212
197 190 2400 141
197 206 2400 229
197 214 1080 54
197 217 2400 292
197 225 2400 634
197 247 2400 163
198 8 2400 260
198 30 7040 352
198 34 720 36
198 58 9380 469
198 147 1240 62
198 169 2400 340
198 197 2400 205
198 227 1020 51
198 231 2400 311
198 242 2400 310
199 2 2400 288
199 4 2400 519
199 18 2400 671
199 39 2400 384
199 45 6620 331
199 52 2400 368
199 59 2400 402
199 62 2400 146
199 87 2400 264
199 104 2400 184
199 106 2400 254
199 127 2400 518
199 129 2400 607
199 134 2400 526
199 136 2400 625
199 144 8040 402
199 162 2400 381
199 179 1520 76
199 212 2400 229
199 224 10280 514
199 233 560 28
200 68 2960 148
200 83 2400 528
200 98 2400 598
200 103 3320 166
200 111 2400 407
200 116 1060 53
200 118 2400 182
200 121 2400 441
200 142 2400 666
200 149 2400 170
200 155 2400 416
200 164 2400 587
200 166 2400 418
200 168 1360 68
200 193 5280 264
200 201 1140 57
200 216 2400 343
200 228 2400 245
200 243 2400 379
201 16 6120 306
201 31 2400 235
201 90 6920 346
201 131 3620 181
201 139 2400 181
201 172 2400 430
201 194 2400 229
201 202 860 43
201 205 2400 242
202 2 2020 101
202 4 2400 332
202 18 2400 484
202 39 2400 197
202 45 2880 144
202 52 2400 181
202 59 2400 215
202 87 1540 77
202 106 1340 67
202 127 2400 331
202 129 2400 420
202 134 2400 339
202 136 2400 438
202 144 4300 215
202 162 2400 194
202 212 840 42
202 224 6540 327
203 70 580 29
203 152 3160 158
203 225 2400 269
204 54 2400 561
204 83 2400 358
204 98 2400 428
204 111 2400 237
204 121 2400 271
204 142 2400 496
204 155 2400 246
204 164 2400 417
204 166 2400 248
204 174 2400 642
204 193 1880 94
204 216 2400 173
204 228 1500 75
204 243 2400 209
205 53 380 19
205 99 2400 161
205 186 2400 207
206 40 660 33
206 41 3780 189
206 128 3380 169
206 135 3560 178
206 151 1300 65
206 163 1080 54
206 207 900 45
206 208 3860 193
206 236 700 35
207 4 1020 51
207 18 2400 203
207 127 1000 50
207 129 2400 139
207 134 1160 58
207 136 2400 157
207 224 920 46
208 209 920 46
210 1 5300 265
210 3 10240 512
210 35 940 47
210 38 7600 380
210 43 880 44
210 48 10360 518
210 51 6740 337
210 70 2400 566
210 79 2400 175
210 96 6760 338
210 110 8280 414
210 113 2400 278
210 115 1100 55
210 117 3780 189
210 140 5920 296
210 148 3680 184
210 152 13900 695
210 156 2400 531
210 161 2980 149
210 170 7640 382
210 175 2100 105
210 184 7680 384
210 190 2400 313
210 200 600 30
210 206 2400 401
210 214 4520 226
210 217 2400 464
210 218 2100 105
210 247 2400 335
211 16 6500 325
211 24 400 20
211 31 2400 254
211 90 7300 365
211 131 4000 200
211 139 2400 200
211 172 2400 449
211 194 2400 248
211 202 1240 62
211 205 2400 261
212 15 1860 93
212 32 2400 127
212 40 3460 173
212 41 6580 329
212 69 1420 71
212 89 2500 125
212 95 1800 90
212 128 6180 309
212 135 6360 318
212 151 2400 205
212 163 3880 194
212 203 1240 62
212 207 3700 185
212 208 6660 333
212 223 300 15
212 236 3500 175
213 8 1740 87
213 30 3580 179
213 49 11040 552
213 58 5920 296
213 123 11640 582
213 145 2400 583
213 169 2400 167
213 183 2400 597
213 197 640 32
213 231 2400 138
213 242 2400 137
214 17 7940 397
214 72 580 29
214 91 8660 433
214 124 2400 527
214 160 2400 157
214 182 2360 118
214 185 2400 447
214 209 2400 578
214 215 1060 53
214 237 2400 390
214 239 920 46
215 54 2400 406
215 83 2400 203
215 98 2400 273
215 111 1640 82
215 121 2320 116
215 142 2400 341
215 155 1820 91
215 164 2400 262
215 166 1860 93
215 174 2400 487
215 216 360 18
215 243 1080 54
216 3 1380 69
216 48 1500 75
216 70 2400 123
216 152 5040 252
216 156 1760 88
216 217 420 21
216 225 2400 363
217 53 2560 128
217 99 2400 270
217 141 1140 57
217 186 2400 316
217 220 660 33
218 14 2400 121
218 44 2420 121
218 81 4140 207
218 97 5620 281
218 120 2460 123
218 171 6160 308
218 219 940 47
219 42 2400 449
219 46 2400 173
219 50 2400 437
219 73 1520 76
219 82 3520 176
219 92 2400 479
219 94 1160 58
219 132 2400 166
219 173 9260 463
219 177 2400 215
219 180 1220 61
220 152 1160 58
220 225 2400 169
221 1 9500 475
221 5 1800 90
221 21 3200 160
221 35 5140 257
221 38 11800 590
221 43 2400 254
221 51 10940 547
221 63 1020 51
221 79 2400 385
221 96 10960 548
221 110 12480 624
221 113 2400 488
221 115 5300 265
221 117 7980 399
221 140 10120 506
221 148 7880 394
221 157 3080 154
221 161 7180 359
221 170 11840 592
221 175 6300 315
221 184 11880 594
221 190 2400 523
221 198 540 27
221 200 4800 240
221 206 2400 611
221 214 8720 436
221 217 2400 674
221 218 6300 315
221 226 520 26
221 240 3080 154
221 247 2400 545
222 9 1920 96
222 53 10480 524
222 99 2400 666
222 126 6400 320
222 130 900 45
222 141 9060 453
222 143 2220 111
222 150 3700 185
222 154 1560 78
222 176 4960 248
222 186 2400 712
222 220 2400 429
222 235 2100 105
223 3 440 22
223 48 560 28
223 70 1520 76
223 152 4100 205
223 156 820 41
223 225 2400 316
224 54 2400 120
224 142 1100 55
224 174 2400 201
226 8 2400 261
226 30 7060 353
226 34 740 37
226 58 9400 470
226 147 1260 63
226 169 2400 341
226 197 2400 206
226 227 1040 52
226 231 2400 312
226 242 2400 311
227 16 8560 428
227 24 2400 123
227 31 2400 357
227 90 9360 468
227 131 6060 303
227 139 2400 303
227 172 2400 552
227 192 2040 102
227 194 2400 351
227 202 3300 165
227 205 2400 364
227 246 2000 100
228 3 3340 167
228 38 700 35
228 48 3460 173
228 70 2400 221
228 110 1380 69
228 152 7000 350
228 156 2400 186
228 170 740 37
228 184 780 39
228 206 1120 56
228 217 2380 119
228 225 2400 461
229 16 10260 513
229 24 2400 208
229 31 2400 442
229 90 11060 553
229 131 7760 388
229 139 2400 388
229 172 2400 637
229 192 3740 187
229 194 2400 436
229 202 5000 250
229 205 2400 449
229 230 580 29
229 246 2400 185
230 30 1180 59
230 49 8640 432
230 58 3520 176
230 123 9240 462
230 145 2400 463
230 153 2400 609
230 169 940 47
230 183 2400 477
230 231 360 18
230 242 340 17
231 53 7920 396
231 99 2400 538
231 126 3840 192
231 141 6500 325
231 150 1140 57
231 176 2400 120
231 186 2400 584
231 220 2400 301
232 7 2720 136
232 27 820 41
232 68 5820 291
232 83 2400 671
232 103 6180 309
232 111 2400 550
232 116 2400 196
232 118 2400 325
232 121 2400 584
232 149 2400 313
232 155 2400 559
232 158 1640 82
232 166 2400 561
232 168 4220 211
232 193 8140 407
232 199 2800 140
232 201 4000 200
232 216 2400 486
232 228 2400 388
232 243 2400 522
233 17 8760 438
233 72 1400 70
233 91 9480 474
233 124 2400 568
233 160 2400 198
233 182 3180 159
233 185 2400 488
233 209 2400 619
233 215 1880 94
233 234 340 17
233 237 2400 431
233 239 1740 87
234 53 5980 299
234 99 2400 441
234 126 1900 95
234 141 4560 228
234 176 460 23
234 186 2400 487
234 220 2400 204
235 4 2400 243
235 18 2400 395
235 39 2160 108
235 45 1100 55
235 52 1840 92
235 59 2400 126
235 127 2400 242
235 129 2400 331
235 134 2400 250
235 136 2400 349
235 144 2520 126
235 162 2100 105
235 224 4760 238
236 17 460 23
236 91 1180 59
236 124 2400 153
236 185 1460 73
236 209 2400 204
236 237 320 16
237 99 540 27
237 186 1460 73
238 1 1200 60
238 3 6140 307
238 38 3500 175
238 48 6260 313
238 51 2640 132
238 70 2400 361
238 96 2660 133
238 110 4180 209
238 113 1460 73
238 140 1820 91
238 152 9800 490
238 156 2400 326
238 170 3540 177
238 184 3580 179
238 190 2160 108
238 206 2400 196
238 214 420 21
238 217 2400 259
238 225 2400 601
238 247 2400 130
239 3 2800 140
239 48 2920 146
239 70 2400 194
239 110 840 42
239 152 6460 323
239 156 2400 159
239 206 580 29
239 217 1840 92
239 225 2400 434
240 2 2400 371
240 4 2400 602
240 39 2400 467
240 45 8280 414
240 52 2400 451
240 56 960 48
240 59 2400 485
240 62 2400 229
240 87 2400 347
240 104 2400 267
240 106 2400 337
240 127 2400 601
240 129 2400 690
240 134 2400 609
240 136 2400 708
240 144 9700 485
240 162 2400 464
240 179 2400 159
240 212 2400 312
240 224 11940 597
240 233 2220 111
240 241 720 36
240 245 1600 80
241 30 1360 68
241 49 8820 441
241 58 3700 185
241 123 9420 471
241 145 2400 472
241 153 2400 618
241 169 1120 56
241 183 2400 486
241 231 540 27
241 242 520 26
242 53 7940 397
242 99 2400 539
242 126 3860 193
242 141 6520 326
242 150 1160 58
242 176 2420 121
242 186 2400 585
242 220 2400 302
243 3 660 33
243 48 780 39
243 70 1740 87
243 152 4320 216
243 156 1040 52
243 225 2400 327
244 2 2400 348
244 4 2400 579
244 39 2400 444
244 45 7820 391
244 52 2400 428
244 56 500 25
244 59 2400 462
244 62 2400 206
244 87 2400 324
244 104 2400 244
244 106 2400 314
244 127 2400 578
244 129 2400 667
244 134 2400 586
244 136 2400 685
244 144 9240 462
244 162 2400 441
244 179 2400 136
244 212 2400 289
244 224 11480 574
244 233 1760 88
244 245 1140 57
245 16 7380 369
245 24 1280 64
245 31 2400 298
245 90 8180 409
245 131 4880 244
245 139 2400 244
245 172 2400 493
245 192 860 43
245 194 2400 292
245 202 2120 106
245 205 2400 305
245 246 820 41
246 3 3880 194
246 38 1240 62
246 48 4000 200
246 51 380 19
246 70 2400 248
246 96 400 20
246 110 1920 96
246 152 7540 377
246 156 2400 213
246 170 1280 64
246 184 1320 66
246 206 1660 83
246 217 2400 146
246 225 2400 488
246 247 340 17
247 53 5140 257
247 99 2400 399
247 126 1060 53
247 141 3720 186
247 186 2400 445
247 220 2400 162
248 42 2400 562
248 46 2400 286
248 50 2400 550
248 73 2400 189
248 82 5780 289
248 92 2400 592
248 94 2400 171
248 132 2400 279
248 173 11520 576
248 177 2400 328
248 180 2400 174
248 249 520 26
249 15 3320 166
249 32 2400 200
249 40 4920 246
249 41 8040 402
249 69 2400 144
249 80 760 38
249 88 600 30
249 89 3960 198
249 95 2400 163
249 122 1640 82
249 128 7640 382
249 135 7820 391
249 151 2400 278
249 159 320 16
249 163 5340 267
249 203 2400 135
249 207 5160 258
249 208 8120 406
249 223 1760 88
249 236 4960 248
