// The instance basic information 
nbCities:10; nbDepots:3; size:240 240;nbTrips:200;nbCombinedTrips6;planningHorizon:0-1440;maxDriving:540;maxWorking:720
// The number of cities is 
10
// The number of depots is 
3
// The max number of vehicles is 
44
// The max number of drivers is 
44
// The number of trips is 
200
// The minPlanTime is 
15
// The short Time for driver is 
20
// The short Time for vehicle is 
20
// The maximum driving time is 
540
// The maximum working time is 
720
// The cost of using driver is 
4000
// The cost of using vehicle is 
100000
// The cost of driver changeover penalty per change is 
30
// The max percentage of combined trips is  
0.03
// The maxPlanTime is 
720

//Here are the cities: idOfCity 	 nameOfCity 	 coordinateX 	 coordinateY 
0 C0 121 102
1 C1 69 225
2 C2 145 144
3 C3 95 150
4 C4 60 100
5 C5 185 130
6 C6 165 74
7 C7 11 200
8 C8 165 125
9 C9 60 150
//Depots:  
// idOfDepot  	 indexOfDepotAsStartingPoint 	 indexOfDepotAsEndingPoint 	 idCityAsDepot
0 200 203 7
1 201 204 8
2 202 205 9
//Trips: idOfTrip 	 idOfStartCity 	 idEndCity	 departureTime 	 arrivalTime 	 nbCombinedVehicleInThisTrip
0 8 9 436 543 1
1 9 2 582 667 1
2 2 9 717 802 2
3 9 2 829 914 1
4 2 8 948 975 2
5 9 0 197 274 1
6 0 3 305 359 1
7 3 1 375 454 1
8 1 7 469 532 1
9 7 9 551 621 1
10 9 5 10 136 1
11 5 7 195 382 2
12 7 9 436 506 1
13 8 6 588 639 2
14 6 8 672 723 2
15 8 5 778 798 1
16 5 4 837 965 1
17 4 2 990 1085 1
18 2 8 1100 1127 1
19 8 2 51 78 1
20 2 9 129 214 1
21 9 0 267 344 1
22 0 8 392 441 1
23 8 5 483 503 1
24 5 8 532 552 1
25 7 0 6 153 1
26 0 3 179 233 1
27 3 0 280 334 1
28 0 7 351 498 1
29 7 1 445 508 1
30 1 5 561 710 1
31 5 8 766 786 1
32 8 7 812 983 1
33 7 1 137 200 1
34 1 9 245 320 1
35 9 4 364 414 1
36 4 0 440 501 2
37 0 7 522 669 1
38 9 2 697 782 1
39 2 8 813 840 1
40 8 2 858 885 1
41 8 0 1014 1063 1
42 0 9 1099 1176 1
43 9 8 361 468 1
44 6 2 672 744 1
45 2 0 760 808 1
46 0 9 823 900 1
47 8 2 612 639 1
48 9 1 835 910 1
49 1 0 934 1067 1
50 0 8 1087 1136 1
51 9 2 654 739 1
52 2 7 797 942 1
53 7 3 979 1076 1
54 3 9 1113 1148 1
55 8 2 343 370 1
56 2 4 394 489 1
57 4 1 504 629 1
58 1 2 678 789 1
59 2 8 831 858 1
60 8 5 68 88 1
61 7 2 413 558 1
62 2 8 575 602 1
63 9 0 158 235 1
64 0 4 280 341 1
65 0 8 523 572 1
66 8 9 588 695 1
67 7 3 417 514 1
68 3 6 530 633 1
69 8 9 756 863 1
70 9 7 883 953 1
71 7 4 453 564 1
72 4 0 622 683 1
73 0 7 726 873 1
74 9 5 16 142 1
75 5 6 162 221 1
76 6 0 246 298 1
77 0 4 326 387 1
78 4 9 402 452 1
79 9 8 492 599 1
80 8 6 650 701 1
81 6 0 758 810 1
82 0 3 826 880 1
83 3 9 910 945 1
84 8 2 230 257 1
85 2 4 283 378 1
86 4 9 413 463 1
87 9 0 512 589 1
88 0 3 620 674 1
89 3 8 695 769 1
90 9 1 529 604 1
91 1 8 622 760 1
92 8 9 818 925 1
93 9 3 955 990 1
94 3 9 1005 1040 1
95 8 1 172 310 1
96 1 7 367 430 1
97 7 2 460 605 1
98 2 8 620 647 1
99 8 2 681 708 1
100 2 7 725 870 1
101 7 1 926 989 1
102 1 8 1031 1169 1
103 8 2 339 366 1
104 2 0 382 430 1
105 0 6 456 508 1
106 6 9 554 683 1
107 9 2 702 787 1
108 2 8 829 856 1
109 8 6 328 379 1
110 6 5 406 465 1
111 5 6 522 581 1
112 6 9 599 728 1
113 9 8 746 853 1
114 7 8 25 196 1
115 8 1 221 359 1
116 1 7 417 480 1
117 9 1 294 369 1
118 1 4 420 545 1
119 4 0 573 634 1
120 0 2 666 714 1
121 2 9 732 817 1
122 7 6 430 628 1
123 6 3 674 777 1
124 3 7 823 920 1
125 8 9 694 801 1
126 9 2 847 932 1
127 2 4 990 1085 1
128 4 8 1109 1216 1
129 9 8 214 321 1
130 8 9 379 486 1
131 9 4 517 567 1
132 4 0 591 652 1
133 0 9 673 750 1
134 7 5 500 687 1
135 5 0 712 781 1
136 0 7 816 963 1
137 8 7 543 714 1
138 7 3 754 851 1
139 3 0 879 933 1
140 0 8 958 1007 1
141 8 1 639 777 1
142 1 7 829 892 1
143 7 2 927 1072 1
144 2 8 1129 1156 1
145 9 0 264 341 1
146 0 1 373 506 1
147 1 7 549 612 1
148 7 3 628 725 1
149 3 9 764 799 1
150 7 4 302 413 1
151 4 9 434 484 1
152 9 3 504 539 1
153 3 9 582 617 1
154 9 4 660 710 1
155 4 7 729 840 1
156 8 2 353 380 1
157 2 3 415 465 1
158 3 5 516 608 1
159 5 9 640 766 1
160 9 8 785 892 1
161 9 5 145 271 1
162 5 8 299 319 1
163 8 2 334 361 1
164 2 8 410 437 1
165 8 4 490 597 1
166 4 9 618 668 1
167 7 2 252 397 1
168 2 8 422 449 1
169 8 0 493 542 1
170 0 7 600 747 1
171 9 3 119 154 1
172 3 6 212 315 1
173 6 3 362 465 1
174 3 0 480 534 1
175 0 3 553 607 1
176 3 9 622 657 1
177 9 5 414 540 1
178 5 8 569 589 1
179 8 6 614 665 1
180 6 8 704 755 1
181 8 9 788 895 1
182 8 3 270 344 1
183 3 8 370 444 1
184 8 5 498 518 1
185 5 2 559 601 1
186 2 0 634 682 1
187 0 2 716 764 1
188 2 8 779 806 1
189 9 8 662 769 1
190 8 4 800 907 1
191 4 2 964 1059 1
192 2 3 1088 1138 1
193 3 9 1159 1194 1
194 9 5 419 545 1
195 5 1 576 725 1
196 1 9 774 849 1
197 8 9 513 620 1
198 9 0 635 712 1
199 0 8 727 776 1
//Vehicles: idOfVehicle idOfStartingDepot nbTrips
0 -1 200
1 -1 200
2 -1 200
3 -1 200
4 -1 200
5 -1 200
6 -1 200
7 -1 200
8 -1 200
9 -1 200
10 -1 200
11 -1 200
12 -1 200
13 -1 200
14 -1 200
15 -1 200
16 -1 200
17 -1 200
18 -1 200
19 -1 200
20 -1 200
21 -1 200
22 -1 200
23 -1 200
24 -1 200
25 -1 200
26 -1 200
27 -1 200
28 -1 200
29 -1 200
30 -1 200
31 -1 200
32 -1 200
33 -1 200
34 -1 200
35 -1 200
36 -1 200
37 -1 200
38 -1 200
39 -1 200
40 -1 200
41 -1 200
42 -1 200
43 -1 200
//Drivers :idOfDriver idOfStartingDepot idOfEndingDepot nbTrips
0 -1 200
1 -1 200
2 -1 200
3 -1 200
4 -1 200
5 -1 200
6 -1 200
7 -1 200
8 -1 200
9 -1 200
10 -1 200
11 -1 200
12 -1 200
13 -1 200
14 -1 200
15 -1 200
16 -1 200
17 -1 200
18 -1 200
19 -1 200
20 -1 200
21 -1 200
22 -1 200
23 -1 200
24 -1 200
25 -1 200
26 -1 200
27 -1 200
28 -1 200
29 -1 200
30 -1 200
31 -1 200
32 -1 200
33 -1 200
34 -1 200
35 -1 200
36 -1 200
37 -1 200
38 -1 200
39 -1 200
40 -1 200
41 -1 200
42 -1 200
43 -1 200
//Graph arcs for trips can be performed successively: 
// idStartTrip idEndTrip costForVehicle costForDriver
0 1 780 39
0 3 5720 286
0 38 3080 154
0 48 5840 292
0 51 2220 111
0 70 2400 340
0 93 8240 412
0 107 3180 159
0 113 2400 203
0 126 6080 304
0 154 2340 117
0 160 2400 242
0 189 2380 119
0 198 1840 92
1 2 1000 50
1 4 2400 281
1 18 2400 433
1 39 2400 146
1 45 1860 93
1 52 2400 130
1 59 2400 164
1 100 1160 58
1 108 2400 162
1 121 1300 65
1 127 6460 323
1 144 2400 462
1 188 2240 112
1 192 8420 421
2 3 540 27
2 48 660 33
2 70 1620 81
2 93 3060 153
2 126 900 45
3 4 680 34
3 18 2400 186
3 127 1520 76
3 144 2400 215
3 192 3480 174
4 41 780 39
5 6 620 31
5 22 2360 118
5 28 1540 77
5 37 2400 248
5 46 2400 549
5 65 2400 249
5 73 2400 452
5 77 1040 52
5 82 11040 552
5 88 6920 346
5 105 3640 182
5 120 7840 392
5 133 2400 399
5 136 2400 542
5 140 2400 684
5 146 1980 99
5 170 2400 326
5 175 5580 279
5 187 8840 442
5 199 2400 453
6 7 320 16
6 68 3420 171
6 83 2400 551
6 89 2400 336
6 94 2400 646
6 124 2400 464
6 139 10400 520
6 149 2400 405
6 153 2400 223
6 158 3140 157
6 174 2420 121
6 176 2400 263
7 8 300 15
7 30 2140 107
7 49 9600 480
7 58 4480 224
7 91 2400 168
7 102 2400 577
7 142 2400 375
7 147 1900 95
7 196 2400 320
8 9 380 19
8 53 8940 447
8 101 7880 394
8 138 4440 222
8 143 7900 395
8 148 1920 96
9 3 4160 208
9 38 1520 76
9 48 4280 214
9 51 660 33
9 70 2400 262
9 93 6680 334
9 107 1620 81
9 113 2400 125
9 126 4520 226
9 154 780 39
9 160 2400 164
9 189 820 41
10 11 1180 59
10 16 14020 701
10 24 2400 396
10 31 2400 630
10 75 520 26
10 111 7720 386
10 135 11520 576
10 159 2400 504
10 162 2400 163
10 178 2400 433
10 185 8460 423
10 195 8800 440
11 9 2400 169
11 12 1080 54
11 29 1260 63
11 53 11940 597
11 61 620 31
11 67 700 35
11 71 1420 71
11 97 1560 78
11 101 10880 544
11 122 960 48
11 134 2360 118
11 138 7440 372
11 143 10900 545
11 148 4920 246
12 1 1520 76
12 3 6460 323
12 38 3820 191
12 48 6580 329
12 51 2960 148
12 70 2400 377
12 90 460 23
12 93 8980 449
12 107 3920 196
12 113 2400 240
12 126 6820 341
12 154 3080 154
12 160 2400 279
12 189 2400 156
12 198 2580 129
13 14 660 33
13 44 660 33
13 81 2380 119
13 123 700 35
13 180 1300 65
14 15 1100 55
14 32 1780 89
14 40 2700 135
14 41 5820 291
14 69 660 33
14 92 1900 95
14 181 1300 65
14 190 1540 77
15 16 780 39
16 17 500 25
16 128 2400 144
17 18 300 15
17 144 880 44
19 2 2400 639
19 20 1020 51
19 45 13640 682
19 52 2400 719
19 56 6320 316
19 62 2400 497
19 85 4100 205
19 98 2400 542
19 100 2400 647
19 104 6080 304
19 121 2400 654
19 157 6740 337
19 164 2400 332
19 168 2400 344
19 186 11120 556
19 188 2400 701
20 1 7360 368
20 3 12300 615
20 21 1060 53
20 35 3000 150
20 38 9660 483
20 43 2400 147
20 48 12420 621
20 51 8800 440
20 70 2400 669
20 79 2400 278
20 87 5960 298
20 90 6300 315
20 107 9760 488
20 113 2400 532
20 117 1600 80
20 126 12660 633
20 131 6060 303
20 145 1000 50
20 152 5800 290
20 154 8920 446
20 160 2400 571
20 177 4000 200
20 189 2400 448
20 194 4100 205
20 198 8420 421
21 22 960 48
21 37 2400 178
21 46 2400 479
21 65 2400 179
21 73 2400 382
21 82 9640 482
21 88 5520 276
21 105 2240 112
21 120 6440 322
21 133 2400 329
21 136 2400 472
21 140 2400 614
21 146 580 29
21 170 2400 256
21 175 4180 209
21 187 7440 372
21 199 2400 383
22 13 2940 147
22 15 6740 337
22 23 840 42
22 32 2400 371
22 40 8340 417
22 41 11460 573
22 47 3420 171
22 66 2400 147
22 69 2400 315
22 80 4180 209
22 92 2400 377
22 99 4800 240
22 125 2400 253
22 137 2040 102
22 141 3960 198
22 165 980 49
22 169 1040 52
22 179 3460 173
22 181 2400 347
22 184 1140 57
22 190 7180 359
22 197 1440 72
23 16 6680 334
23 24 580 29
23 31 2400 263
23 111 380 19
23 135 4180 209
23 159 2400 137
23 178 1320 66
23 185 1120 56
23 195 1460 73
24 13 720 36
24 15 4520 226
24 32 2400 260
24 40 6120 306
24 41 9240 462
24 47 1200 60
24 66 720 36
24 69 2400 204
24 80 1960 98
24 92 2400 266
24 99 2580 129
24 125 2400 142
24 141 1740 87
24 179 1240 62
24 181 2400 236
24 190 4960 248
25 6 3040 152
25 22 2400 239
25 26 520 26
25 28 2400 198
25 37 2400 369
25 46 2400 670
25 64 2540 127
25 65 2400 370
25 73 2400 573
25 77 3460 173
25 82 13460 673
25 88 9340 467
25 105 6060 303
25 120 10260 513
25 133 2400 520
25 136 2400 663
25 146 4400 220
25 170 2400 447
25 175 8000 400
25 187 11260 563
25 199 2400 574
26 7 2840 142
26 27 940 47
26 68 5940 297
26 83 2400 677
26 89 2400 462
26 124 2400 590
26 139 12920 646
26 149 2400 531
26 153 2400 349
26 158 5660 283
26 174 4940 247
26 176 2400 389
26 183 2400 137
27 22 1160 58
27 28 340 17
27 37 2400 188
27 46 2400 489
27 65 2400 189
27 73 2400 392
27 82 9840 492
27 88 5720 286
27 105 2440 122
27 120 6640 332
27 133 2400 339
27 136 2400 482
27 140 2400 624
27 146 780 39
27 170 2400 266
27 175 4380 219
27 187 7640 382
27 199 2400 393
28 9 1060 53
28 53 9620 481
28 101 8560 428
28 138 5120 256
28 143 8580 429
28 148 2600 130
29 30 1060 53
29 49 8520 426
29 58 3400 170
29 91 2280 114
29 102 2400 523
29 142 2400 321
29 147 820 41
29 196 2400 266
30 16 2540 127
30 31 1120 56
31 32 520 26
31 40 1440 72
31 41 4560 228
31 92 640 32
33 8 2400 269
33 30 7220 361
33 34 900 45
33 58 9560 478
33 91 2400 422
33 96 2400 167
33 116 2400 217
33 118 4400 220
33 142 2400 629
33 147 2400 349
33 196 2400 574
34 1 5240 262
34 3 10180 509
34 35 880 44
34 38 7540 377
34 43 820 41
34 48 10300 515
34 51 6680 334
34 70 2400 563
34 79 2400 172
34 87 3840 192
34 90 4180 209
34 93 12700 635
34 107 7640 382
34 113 2400 426
34 126 10540 527
34 131 3940 197
34 152 3680 184
34 154 6800 340
34 160 2400 465
34 177 1880 94
34 189 2400 342
34 194 1980 99
34 198 6300 315
35 17 11520 576
35 36 520 26
35 57 1800 90
35 72 4160 208
35 119 3180 159
35 128 2400 695
35 132 3540 177
35 151 400 20
35 155 2400 315
35 166 2400 204
35 191 11000 550
36 37 420 21
36 42 2400 598
36 46 2400 322
36 50 2400 586
36 65 440 22
36 73 2400 225
36 82 6500 325
36 88 2380 119
36 120 3300 165
36 133 2400 172
36 136 2400 315
36 140 2400 457
36 170 1980 99
36 175 1040 52
36 187 4300 215
36 199 2400 226
37 53 6200 310
37 101 5140 257
37 138 1700 85
37 143 5160 258
38 4 2400 166
38 18 2400 318
38 39 620 31
38 52 300 15
38 59 980 49
38 108 940 47
38 127 4160 208
38 144 2400 347
38 192 6120 306
39 40 360 18
39 41 3480 174
40 4 1260 63
40 18 2400 215
40 127 2100 105
40 144 2400 244
40 192 4060 203
41 42 720 36
41 50 480 24
43 13 2400 120
43 15 6200 310
43 23 300 15
43 32 2400 344
43 40 7800 390
43 41 10920 546
43 47 2880 144
43 66 2400 120
43 69 2400 288
43 80 3640 182
43 92 2400 350
43 99 4260 213
43 125 2400 226
43 137 1500 75
43 141 3420 171
43 165 440 22
43 169 500 25
43 179 2920 146
43 181 2400 320
43 184 600 30
43 190 6640 332
43 197 900 45
44 4 2400 204
44 18 2400 356
44 39 1380 69
44 45 320 16
44 52 1060 53
44 59 1740 87
44 108 1700 85
44 127 4920 246
44 144 2400 385
44 188 700 35
44 192 6880 344
45 42 2400 291
45 46 300 15
45 50 2400 279
45 82 360 18
45 140 2400 150
46 93 1100 55
47 2 1560 78
47 4 2400 309
47 18 2400 461
47 39 2400 174
47 45 2420 121
47 52 2400 158
47 59 2400 192
47 100 1720 86
47 108 2400 190
47 121 1860 93
47 127 7020 351
47 144 2400 490
47 188 2400 140
47 192 8980 449
48 49 480 24
48 102 2400 121
49 42 640 32
49 50 400 20
51 4 2400 209
51 18 2400 361
51 39 1480 74
51 45 420 21
51 52 1160 58
51 59 1840 92
51 108 1800 90
51 127 5020 251
51 144 2400 390
51 188 800 40
51 192 6980 349
52 53 740 37
53 54 740 37
53 193 1660 83
55 2 2400 347
55 4 2400 578
55 39 2400 443
55 45 7800 390
55 52 2400 427
55 56 480 24
55 59 2400 461
55 62 2400 205
55 98 2400 250
55 100 2400 355
55 108 2400 459
55 121 2400 362
55 127 12400 620
55 157 900 45
55 164 800 40
55 168 1040 52
55 186 5280 264
55 188 2400 409
55 192 14360 718
56 17 10020 501
56 57 300 15
56 72 2660 133
56 119 1680 84
56 128 2400 620
56 132 2040 102
56 155 2400 240
56 166 2400 129
56 191 9500 475
57 49 6100 305
57 58 980 49
57 102 2400 402
57 142 2400 200
57 196 2400 145
58 4 2400 159
58 18 2400 311
58 39 480 24
58 59 840 42
58 108 800 40
58 127 4020 201
58 144 2400 340
58 192 5980 299
59 41 3120 156
60 11 2140 107
60 24 2400 444
60 31 2400 678
60 75 1480 74
60 111 8680 434
60 135 12480 624
60 159 2400 552
60 162 2400 211
60 178 2400 481
60 185 9420 471
60 195 9760 488
61 2 2400 159
61 4 2400 390
61 18 2400 542
61 39 2400 255
61 45 4040 202
61 52 2400 239
61 59 2400 273
61 62 340 17
61 98 1240 62
61 100 2400 167
61 108 2400 271
61 121 2400 174
61 127 8640 432
61 144 2400 571
61 186 1520 76
61 188 2400 221
61 192 10600 530
62 15 3520 176
62 32 2400 210
62 40 5120 256
62 41 8240 412
62 69 2400 154
62 80 960 48
62 92 2400 216
62 99 1580 79
62 125 1840 92
62 141 740 37
62 181 2400 186
62 190 3960 198
63 6 1400 70
63 22 2400 157
63 28 2320 116
63 37 2400 287
63 46 2400 588
63 64 900 45
63 65 2400 288
63 73 2400 491
63 77 1820 91
63 82 11820 591
63 88 7700 385
63 105 4420 221
63 120 8620 431
63 133 2400 438
63 136 2400 581
63 146 2760 138
63 170 2400 365
63 175 6360 318
63 187 9620 481
63 199 2400 492
64 17 12980 649
64 36 1980 99
64 57 3260 163
64 72 5620 281
64 78 1220 61
64 86 1440 72
64 119 4640 232
64 132 5000 250
64 151 1860 93
64 155 2400 388
64 166 2400 277
64 191 12460 623
65 13 320 16
65 15 4120 206
65 32 2400 240
65 40 5720 286
65 41 8840 442
65 47 800 40
65 66 320 16
65 69 2400 184
65 80 1560 78
65 92 2400 246
65 99 2180 109
65 125 2400 122
65 141 1340 67
65 179 840 42
65 181 2400 216
65 190 4560 228
66 3 2680 134
66 48 2800 140
66 70 2400 188
66 93 5200 260
66 113 1020 51
66 126 3040 152
66 160 1800 90
67 54 2400 599
67 68 320 16
67 83 2400 396
67 89 2400 181
67 94 2400 491
67 124 2400 309
67 139 7300 365
67 149 2400 250
67 153 1360 68
67 176 2160 108
67 193 2400 645
68 14 780 39
68 44 780 39
68 81 2500 125
68 123 820 41
68 180 1420 71
69 70 400 20
69 93 1840 92
70 53 520 26
71 17 8520 426
71 72 1160 58
71 128 2400 545
71 132 540 27
71 155 2400 165
71 166 1080 54
71 191 8000 400
72 42 2400 416
72 46 2400 140
72 50 2400 404
72 73 860 43
72 82 2860 143
72 136 2400 133
72 140 2400 275
72 187 660 33
72 199 880 44
73 53 2120 106
73 101 1060 53
73 143 1080 54
74 11 1060 53
74 16 13900 695
74 24 2400 390
74 31 2400 624
74 75 400 20
74 111 7600 380
74 135 11400 570
74 159 2400 498
74 162 2400 157
74 178 2400 427
74 185 8340 417
74 195 8680 434
75 14 2400 451
75 44 9020 451
75 76 500 25
75 81 10740 537
75 106 2400 333
75 110 3700 185
75 112 2400 378
75 123 9060 453
75 173 2820 141
75 180 2400 483
76 22 1880 94
76 28 1060 53
76 37 2400 224
76 46 2400 525
76 65 2400 225
76 73 2400 428
76 77 560 28
76 82 10560 528
76 88 6440 322
76 105 3160 158
76 120 7360 368
76 133 2400 375
76 136 2400 518
76 140 2400 660
76 146 1500 75
76 170 2400 302
76 175 5100 255
76 187 8360 418
76 199 2400 429
77 17 12060 603
77 36 1060 53
77 57 2340 117
77 72 4700 235
77 78 300 15
77 86 520 26
77 119 3720 186
77 132 4080 204
77 151 940 47
77 155 2400 342
77 166 2400 231
77 191 11540 577
78 1 2600 130
78 3 7540 377
78 38 4900 245
78 48 7660 383
78 51 4040 202
78 70 2400 431
78 79 800 40
78 87 1200 60
78 90 1540 77
78 93 10060 503
78 107 5000 250
78 113 2400 294
78 126 7900 395
78 131 1300 65
78 152 1040 52
78 154 4160 208
78 160 2400 333
78 189 2400 210
78 198 3660 183
79 15 3580 179
79 32 2400 213
79 40 5180 259
79 41 8300 415
79 69 2400 157
79 80 1020 51
79 92 2400 219
79 99 1640 82
79 125 1900 95
79 141 800 40
79 179 300 15
79 181 2400 189
79 190 4020 201
80 81 1140 57
81 42 2400 289
81 50 2400 277
81 82 320 16
81 140 2400 148
82 54 2400 233
82 83 600 30
82 94 2400 125
82 193 2400 279
84 2 2400 460
84 4 2400 691
84 39 2400 556
84 45 10060 503
84 52 2400 540
84 56 2740 137
84 59 2400 574
84 62 2400 318
84 85 520 26
84 98 2400 363
84 100 2400 468
84 104 2500 125
84 108 2400 572
84 121 2400 475
84 157 3160 158
84 164 2400 153
84 168 2400 165
84 186 7540 377
84 188 2400 522
85 17 12240 612
85 36 1240 62
85 57 2520 126
85 72 4880 244
85 78 480 24
85 86 700 35
85 119 3900 195
85 132 4260 213
85 151 1120 56
85 155 2400 351
85 166 2400 240
85 191 11720 586
86 1 2380 119
86 3 7320 366
86 38 4680 234
86 48 7440 372
86 51 3820 191
86 70 2400 420
86 79 580 29
86 87 980 49
86 90 1320 66
86 93 9840 492
86 107 4780 239
86 113 2400 283
86 126 7680 384
86 131 1080 54
86 152 820 41
86 154 3940 197
86 160 2400 322
86 189 2400 199
86 198 3440 172
87 42 2400 510
87 46 2400 234
87 50 2400 498
87 73 2400 137
87 82 4740 237
87 88 620 31
87 120 1540 77
87 133 1680 84
87 136 2400 227
87 140 2400 369
87 187 2540 127
87 199 2400 138
88 54 2400 439
88 83 2400 236
88 89 420 21
88 94 2400 331
88 124 2400 149
88 139 4100 205
88 149 1800 90
88 193 2400 485
89 32 860 43
89 40 1780 89
89 41 4900 245
89 92 980 49
89 181 380 19
89 190 620 31
90 49 6600 330
90 58 1480 74
90 91 360 18
90 102 2400 427
90 142 2400 225
90 196 2400 170
91 15 360 18
91 32 1040 52
91 40 1960 98
91 41 5080 254
91 92 1160 58
91 181 560 28
91 190 800 40
92 93 600 30
93 54 2400 123
93 94 300 15
93 193 2400 169
95 8 2400 159
95 30 5020 251
95 49 12480 624
95 58 7360 368
95 91 2400 312
95 96 1140 57
95 116 2140 107
95 118 2200 110
95 142 2400 519
95 147 2400 239
95 196 2400 464
96 9 2400 121
96 29 300 15
96 53 10980 549
96 71 460 23
96 97 600 30
96 101 9920 496
96 134 1400 70
96 138 6480 324
96 143 9940 497
96 148 3960 198
97 2 2240 112
97 4 2400 343
97 18 2400 495
97 39 2400 208
97 45 3100 155
97 52 2400 192
97 59 2400 226
97 98 300 15
97 100 2400 120
97 108 2400 224
97 121 2400 127
97 127 7700 385
97 144 2400 524
97 186 580 29
97 188 2400 174
97 192 9660 483
98 15 2620 131
98 32 2400 165
98 40 4220 211
98 41 7340 367
98 69 2180 109
98 92 2400 171
98 99 680 34
98 125 940 47
98 181 2400 141
98 190 3060 153
99 4 2400 240
99 18 2400 392
99 39 2100 105
99 45 1040 52
99 52 1780 89
99 59 2400 123
99 100 340 17
99 108 2400 121
99 121 480 24
99 127 5640 282
99 144 2400 421
99 188 1420 71
99 192 7600 380
100 53 2180 109
100 101 1120 56
100 143 1140 57
101 102 840 42
103 2 2400 351
103 4 2400 582
103 39 2400 447
103 45 7880 394
103 52 2400 431
103 56 560 28
103 59 2400 465
103 62 2400 209
103 98 2400 254
103 100 2400 359
103 104 320 16
103 108 2400 463
103 121 2400 366
103 127 12480 624
103 157 980 49
103 164 880 44
103 168 1120 56
103 186 5360 268
103 188 2400 413
104 37 1840 92
104 42 2400 669
104 46 2400 393
104 50 2400 657
104 65 1860 93
104 73 2400 296
104 82 7920 396
104 88 3800 190
104 105 520 26
104 120 4720 236
104 133 2400 243
104 136 2400 386
104 140 2400 528
104 170 2400 170
104 175 2460 123
104 187 5720 286
104 199 2400 297
105 14 2400 164
105 44 3280 164
105 81 5000 250
105 106 920 46
105 112 1820 91
105 123 3320 166
105 180 2400 196
106 3 2920 146
106 48 3040 152
106 70 2400 200
106 93 5440 272
106 107 380 19
106 113 1260 63
106 126 3280 164
106 160 2040 102
107 4 2400 161
107 18 2400 313
107 39 520 26
107 59 880 44
107 108 840 42
107 127 4060 203
107 144 2400 342
107 192 6020 301
108 41 3160 158
109 14 2400 293
109 44 5860 293
109 81 7580 379
109 106 2400 175
109 110 540 27
109 112 2400 220
109 123 5900 295
109 180 2400 325
110 16 7440 372
110 24 1340 67
110 31 2400 301
110 111 1140 57
110 135 4940 247
110 159 2400 175
110 178 2080 104
110 185 1880 94
110 195 2220 111
111 14 1820 91
111 44 1820 91
111 81 3540 177
111 112 360 18
111 123 1860 93
111 180 2400 123
112 3 2020 101
112 48 2140 107
112 70 2400 155
112 93 4540 227
112 113 360 18
112 126 2380 119
112 160 1140 57
113 41 3220 161
114 0 2400 240
114 13 7840 392
114 15 11640 582
114 23 5740 287
114 32 2400 616
114 40 13240 662
114 47 8320 416
114 55 2940 147
114 66 2400 392
114 69 2400 560
114 80 9080 454
114 84 680 34
114 92 2400 622
114 99 9700 485
114 103 2860 143
114 109 2640 132
114 115 500 25
114 125 2400 498
114 130 2400 183
114 137 2400 347
114 141 8860 443
114 156 3140 157
114 163 2760 138
114 165 5880 294
114 169 5940 297
114 179 8360 418
114 181 2400 592
114 182 1480 74
114 184 6040 302
114 190 12080 604
114 197 2400 317
115 8 2200 110
115 30 4040 202
115 49 11500 575
115 58 6380 319
115 91 2400 263
115 102 2400 672
115 116 1160 58
115 118 1220 61
115 142 2400 470
115 147 2400 190
115 196 2400 415
116 9 1420 71
116 53 9980 499
116 101 8920 446
116 134 400 20
116 138 5480 274
116 143 8940 447
116 148 2960 148
117 8 2000 100
117 30 3840 192
117 49 11300 565
117 58 6180 309
117 91 2400 253
117 102 2400 662
117 116 960 48
117 118 1020 51
117 142 2400 460
117 147 2400 180
117 196 2400 405
118 17 8900 445
118 72 1540 77
118 119 560 28
118 128 2400 564
118 132 920 46
118 155 2400 184
118 166 1460 73
118 191 8380 419
119 42 2400 465
119 46 2400 189
119 50 2400 453
119 73 1840 92
119 82 3840 192
119 120 640 32
119 133 780 39
119 136 2400 182
119 140 2400 324
119 187 1640 82
119 199 1860 93
120 4 2400 234
120 18 2400 386
120 39 1980 99
120 45 920 46
120 52 1660 83
120 59 2340 117
120 108 2300 115
120 121 360 18
120 127 5520 276
120 144 2400 415
120 188 1300 65
120 192 7480 374
121 48 360 18
121 70 1320 66
121 93 2760 138
121 126 600 30
122 14 880 44
122 44 880 44
122 81 2600 130
122 123 920 46
122 180 1520 76
123 54 2400 336
123 83 2400 133
123 94 2400 228
123 124 920 46
123 139 2040 102
123 193 2400 382
124 53 1180 59
125 3 560 28
125 48 680 34
125 70 1640 82
125 93 3080 154
125 126 920 46
126 4 320 16
126 18 2400 168
126 127 1160 58
126 144 2400 197
126 192 3120 156
127 128 480 24
129 0 2300 115
129 13 5340 267
129 15 9140 457
129 23 3240 162
129 32 2400 491
129 40 10740 537
129 41 13860 693
129 47 5820 291
129 55 440 22
129 66 2400 267
129 69 2400 435
129 80 6580 329
129 92 2400 497
129 99 7200 360
129 103 360 18
129 125 2400 373
129 130 1160 58
129 137 2400 222
129 141 6360 318
129 156 640 32
129 165 3380 169
129 169 3440 172
129 179 5860 293
129 181 2400 467
129 184 3540 177
129 190 9580 479
129 197 2400 192
130 1 1920 96
130 3 6860 343
130 38 4220 211
130 48 6980 349
130 51 3360 168
130 70 2400 397
130 87 520 26
130 90 860 43
130 93 9380 469
130 107 4320 216
130 113 2400 260
130 126 7220 361
130 131 620 31
130 152 360 18
130 154 3480 174
130 160 2400 299
130 189 2400 176
130 198 2980 149
131 17 8460 423
131 72 1100 55
131 128 2400 542
131 132 480 24
131 155 2400 162
131 166 1020 51
131 191 7940 397
132 42 2400 447
132 46 2400 171
132 50 2400 435
132 73 1480 74
132 82 3480 174
132 133 420 21
132 136 2400 164
132 140 2400 306
132 187 1280 64
132 199 1500 75
133 3 1580 79
133 48 1700 85
133 70 2400 133
133 93 4100 205
133 126 1940 97
133 160 700 35
134 16 3000 150
134 31 1580 79
134 135 500 25
135 42 2400 318
135 46 840 42
135 50 2400 306
135 82 900 45
135 136 700 35
135 140 2400 177
136 53 320 16
137 53 5300 265
137 101 4240 212
137 138 800 40
137 143 4260 213
138 54 2400 262
138 83 1180 59
138 94 2400 154
138 139 560 28
138 193 2400 308
139 42 2400 166
139 50 2400 154
139 140 500 25
141 49 3140 157
141 102 2400 254
141 142 1040 52
142 53 1740 87
142 101 680 34
142 143 700 35
143 18 560 28
143 144 1140 57
143 192 320 16
145 22 1020 51
145 37 2400 181
145 46 2400 482
145 65 2400 182
145 73 2400 385
145 82 9700 485
145 88 5580 279
145 105 2300 115
145 120 6500 325
145 133 2400 332
145 136 2400 475
145 140 2400 617
145 146 640 32
145 170 2400 259
145 175 4240 212
145 187 7500 375
145 199 2400 386
146 30 1100 55
146 49 8560 428
146 58 3440 172
146 91 2320 116
146 102 2400 525
146 142 2400 323
146 147 860 43
146 196 2400 268
147 53 7340 367
147 101 6280 314
147 138 2840 142
147 143 6300 315
147 148 320 16
148 54 2400 388
148 83 2400 185
148 94 2400 280
148 124 1960 98
148 139 3080 154
148 149 780 39
148 193 2400 434
149 3 600 30
149 48 720 36
149 70 1680 84
149 93 3120 156
149 126 960 48
150 17 11540 577
150 36 540 27
150 57 1820 91
150 72 4180 209
150 119 3200 160
150 128 2400 696
150 132 3560 178
150 151 420 21
150 155 2400 316
150 166 2400 205
150 191 11020 551
151 1 1960 98
151 3 6900 345
151 38 4260 213
151 48 7020 351
151 51 3400 170
151 70 2400 399
151 87 560 28
151 90 900 45
151 93 9420 471
151 107 4360 218
151 113 2400 262
151 126 7260 363
151 131 660 33
151 152 400 20
151 154 3520 176
151 160 2400 301
151 189 2400 178
151 198 3020 151
152 54 2400 574
152 83 2400 371
152 89 2400 156
152 94 2400 466
152 124 2400 284
152 139 6800 340
152 149 2400 225
152 153 860 43
152 176 1660 83
152 193 2400 620
153 3 4240 212
153 38 1600 80
153 48 4360 218
153 51 740 37
153 70 2400 266
153 93 6760 338
153 107 1700 85
153 113 2400 129
153 126 4600 230
153 154 860 43
153 160 2400 168
153 189 900 45
153 198 360 18
154 17 5600 280
154 128 2400 399
154 155 380 19
154 191 5080 254
155 53 2780 139
155 101 1720 86
155 143 1740 87
156 2 2400 337
156 4 2400 568
156 18 2400 720
156 39 2400 433
156 45 7600 380
156 52 2400 417
156 59 2400 451
156 62 2400 195
156 98 2400 240
156 100 2400 345
156 108 2400 449
156 121 2400 352
156 127 12200 610
156 157 700 35
156 164 600 30
156 168 840 42
156 186 5080 254
156 188 2400 399
156 192 14160 708
157 54 2400 648
157 68 1300 65
157 83 2400 445
157 89 2400 230
157 94 2400 540
157 124 2400 358
157 139 8280 414
157 149 2400 299
157 153 2340 117
157 158 1020 51
157 174 300 15
157 176 2400 157
157 193 2400 694
158 16 4580 229
158 31 2400 158
158 135 2080 104
158 159 640 32
159 3 1260 63
159 48 1380 69
159 70 2340 117
159 93 3780 189
159 126 1620 81
159 160 380 19
160 41 2440 122
161 16 11320 566
161 24 2400 261
161 31 2400 495
161 111 5020 251
161 135 8820 441
161 159 2400 369
161 162 560 28
161 178 2400 298
161 185 5760 288
161 195 6100 305
162 0 2340 117
162 13 5380 269
162 15 9180 459
162 23 3280 164
162 32 2400 493
162 40 10780 539
162 41 13900 695
162 47 5860 293
162 55 480 24
162 66 2400 269
162 69 2400 437
162 80 6620 331
162 92 2400 499
162 99 7240 362
162 103 400 20
162 125 2400 375
162 130 1200 60
162 137 2400 224
162 141 6400 320
162 156 680 34
162 163 300 15
162 165 3420 171
162 169 3480 174
162 179 5900 295
162 181 2400 469
162 184 3580 179
162 190 9620 481
162 197 2400 194
163 2 2400 356
163 4 2400 587
163 39 2400 452
163 45 7980 399
163 52 2400 436
163 56 660 33
163 59 2400 470
163 62 2400 214
163 98 2400 259
163 100 2400 364
163 104 420 21
163 108 2400 468
163 121 2400 371
163 127 12580 629
163 157 1080 54
163 164 980 49
163 168 1220 61
163 186 5460 273
163 188 2400 418
164 13 3020 151
164 15 6820 341
164 23 920 46
164 32 2400 375
164 40 8420 421
164 41 11540 577
164 47 3500 175
164 66 2400 151
164 69 2400 319
164 80 4260 213
164 92 2400 381
164 99 4880 244
164 125 2400 257
164 137 2120 106
164 141 4040 202
164 165 1060 53
164 169 1120 56
164 179 3540 177
164 181 2400 351
164 184 1220 61
164 190 7260 363
164 197 1520 76
165 17 7860 393
165 72 500 25
165 128 2400 512
165 155 2400 132
165 166 420 21
165 191 7340 367
166 3 3220 161
166 38 580 29
166 48 3340 167
166 70 2400 215
166 93 5740 287
166 107 680 34
166 113 1560 78
166 126 3580 179
166 160 2340 117
167 2 2400 320
167 4 2400 551
167 18 2400 703
167 39 2400 416
167 45 7260 363
167 52 2400 400
167 59 2400 434
167 62 2400 178
167 98 2400 223
167 100 2400 328
167 108 2400 432
167 121 2400 335
167 127 11860 593
167 157 360 18
167 168 500 25
167 186 4740 237
167 188 2400 382
167 192 13820 691
168 13 2780 139
168 15 6580 329
168 23 680 34
168 32 2400 363
168 40 8180 409
168 41 11300 565
168 47 3260 163
168 66 2400 139
168 69 2400 307
168 80 4020 201
168 92 2400 369
168 99 4640 232
168 125 2400 245
168 137 1880 94
168 141 3800 190
168 165 820 41
168 169 880 44
168 179 3300 165
168 181 2400 339
168 184 980 49
168 190 7020 351
168 197 1280 64
169 42 2400 557
169 46 2400 281
169 50 2400 545
169 73 2400 184
169 82 5680 284
169 88 1560 78
169 120 2480 124
169 133 2400 131
169 136 2400 274
169 140 2400 416
169 170 1160 58
169 187 3480 174
169 199 2400 185
170 53 4640 232
170 101 3580 179
170 143 3600 180
171 7 4420 221
171 27 2520 126
171 68 7520 376
171 89 2400 541
171 124 2400 669
171 149 2400 610
171 153 2400 428
171 158 7240 362
171 172 1160 58
171 174 6520 326
171 176 2400 468
171 183 2400 216
172 14 2400 357
172 44 7140 357
172 81 8860 443
172 106 2400 239
172 110 1820 91
172 112 2400 284
172 123 7180 359
172 173 940 47
172 180 2400 389
173 54 2400 648
173 68 1300 65
173 83 2400 445
173 89 2400 230
173 94 2400 540
173 124 2400 358
173 139 8280 414
173 149 2400 299
173 153 2340 117
173 158 1020 51
173 174 300 15
173 176 2400 157
173 193 2400 694
174 42 2400 565
174 46 2400 289
174 50 2400 553
174 73 2400 192
174 82 5840 292
174 88 1720 86
174 120 2640 132
174 133 2400 139
174 136 2400 282
174 140 2400 424
174 170 1320 66
174 175 380 19
174 187 3640 182
174 199 2400 193
175 54 2400 506
175 83 2400 303
175 89 1760 88
175 94 2400 398
175 124 2400 216
175 139 5440 272
175 149 2400 157
175 176 300 15
175 193 2400 552
176 3 3440 172
176 38 800 40
176 48 3560 178
176 70 2400 226
176 93 5960 298
176 107 900 45
176 113 1780 89
176 126 3800 190
176 160 2400 128
177 16 5940 297
177 31 2400 226
177 135 3440 172
177 159 2000 100
177 178 580 29
177 185 380 19
177 195 720 36
178 15 3780 189
178 32 2400 223
178 40 5380 269
178 41 8500 425
178 47 460 23
178 69 2400 167
178 80 1220 61
178 92 2400 229
178 99 1840 92
178 125 2100 105
178 141 1000 50
178 179 500 25
178 181 2400 199
178 190 4220 211
179 81 1860 93
179 180 780 39
180 15 460 23
180 32 1140 57
180 40 2060 103
180 41 5180 259
180 92 1260 63
180 181 660 33
180 190 900 45
181 93 1200 60
182 7 620 31
182 68 3720 186
182 83 2400 566
182 89 2400 351
182 94 2400 661
182 124 2400 479
182 139 10700 535
182 149 2400 420
182 153 2400 238
182 158 3440 172
182 174 2720 136
182 176 2400 278
182 183 520 26
183 13 2880 144
183 15 6680 334
183 23 780 39
183 32 2400 368
183 40 8280 414
183 41 11400 570
183 47 3360 168
183 66 2400 144
183 69 2400 312
183 80 4120 206
183 92 2400 374
183 99 4740 237
183 125 2400 250
183 137 1980 99
183 141 3900 195
183 165 920 46
183 169 980 49
183 179 3400 170
183 181 2400 344
183 184 1080 54
183 190 7120 356
183 197 1380 69
184 16 6380 319
184 31 2400 248
184 135 3880 194
184 159 2400 122
184 178 1020 51
184 185 820 41
184 195 1160 58
185 2 2320 116
185 4 2400 347
185 18 2400 499
185 39 2400 212
185 45 3180 159
185 52 2400 196
185 59 2400 230
185 98 380 19
185 100 2400 124
185 108 2400 228
185 121 2400 131
185 127 7780 389
185 144 2400 528
185 186 660 33
185 188 2400 178
185 192 9740 487
186 42 2400 417
186 46 2400 141
186 50 2400 405
186 73 880 44
186 82 2880 144
186 136 2400 134
186 140 2400 276
186 187 680 34
186 199 900 45
187 4 2400 184
187 18 2400 336
187 39 980 49
187 52 660 33
187 59 1340 67
187 108 1300 65
187 127 4520 226
187 144 2400 365
187 188 300 15
187 192 6480 324
188 40 1040 52
188 41 4160 208
189 32 860 43
189 40 1780 89
189 41 4900 245
189 92 980 49
189 181 380 19
189 190 620 31
190 17 1660 83
190 128 2400 202
190 191 1140 57
191 18 820 41
191 144 1400 70
191 192 580 29
192 193 420 21
194 16 5840 292
194 31 2400 221
194 135 3340 167
194 159 1900 95
194 178 480 24
194 195 620 31
195 49 4180 209
195 102 2400 306
195 142 2080 104
195 196 980 49
196 70 680 34
196 93 2120 106
197 3 4180 209
197 38 1540 77
197 48 4300 215
197 51 680 34
197 70 2400 263
197 93 6700 335
197 107 1640 82
197 113 2400 126
197 126 4540 227
197 154 800 40
197 160 2400 165
197 189 840 42
197 198 300 15
198 42 2400 387
198 46 2220 111
198 50 2400 375
198 82 2280 114
198 136 2080 104
198 140 2400 246
198 199 300 15
199 32 720 36
199 40 1640 82
199 41 4760 238
199 92 840 42
199 190 480 24
