// The instance basic information 
nbCities:5; nbDepots:2; size:180 180;nbTrips:200;nbCombinedTrips48;planningHorizon:0-2880;maxDriving:540;maxWorking:720
// The number of cities is 
5
// The number of depots is 
2
// The max number of vehicles is 
40
// The max number of drivers is 
40
// The number of trips is 
200
// The minPlanTime is 
15
// The short Time for driver is 
20
// The short Time for vehicle is 
20
// The maximum driving time is 
540
// The maximum working time is 
720
// The cost of using driver is 
4000
// The cost of using vehicle is 
100000
// The cost of driver changeover penalty per change is 
30
// The max percentage of combined trips is  
0.25
// The maxPlanTime is 
720

//Here are the cities: idOfCity 	 nameOfCity 	 coordinateX 	 coordinateY 
0 C0 132 25
1 C1 88 121
2 C2 95 55
3 C3 78 86
4 C4 113 57
//Depots:  
// idOfDepot  	 indexOfDepotAsStartingPoint 	 indexOfDepotAsEndingPoint 	 idCityAsDepot
0 200 202 3
1 201 203 4
//Trips: idOfTrip 	 idOfStartCity 	 idEndCity	 departureTime 	 arrivalTime 	 nbCombinedVehicleInThisTrip
0 4 2 1376 1394 1
1 2 3 1414 1449 1
2 3 4 1478 1523 2
3 4 1 1565 1633 1
4 1 4 1687 1755 2
5 4 3 1777 1822 1
6 3 2 1838 1873 1
7 2 4 1895 1913 2
8 4 3 2083 2128 2
9 3 0 2154 2235 1
10 0 2 2268 2315 1
11 2 4 2373 2391 2
12 4 2 2427 2445 2
13 2 3 2504 2539 1
14 3 4 2573 2618 1
15 3 1 1567 1603 1
16 4 0 1797 1834 1
17 0 1 1893 1998 2
18 1 3 2043 2079 2
19 3 2 154 189 2
20 2 1 240 306 1
21 1 3 359 395 2
22 3 4 443 488 2
23 4 2 530 548 2
24 2 3 577 612 2
25 4 0 20 57 1
26 0 3 83 164 1
27 3 4 211 256 1
28 4 0 273 310 1
29 0 2 367 414 1
30 2 0 448 495 2
31 0 4 521 558 2
32 4 2 683 701 2
33 2 1 723 789 2
34 1 4 812 880 2
35 4 3 925 970 2
36 3 4 1014 1059 2
37 4 0 1094 1131 1
38 0 4 1164 1201 1
39 4 2 2093 2111 1
40 2 1 2142 2208 1
41 1 4 2226 2294 1
42 2 0 2484 2531 1
43 0 4 2567 2604 1
44 4 3 1083 1128 2
45 3 1 1158 1194 1
46 1 3 1247 1283 1
47 3 0 1306 1387 1
48 0 1 1413 1518 2
49 1 4 1553 1621 1
50 3 4 665 710 2
51 4 2 738 756 2
52 2 1 783 849 2
53 1 4 898 966 1
54 3 2 2111 2146 1
55 2 1 2183 2249 1
56 1 3 2286 2322 1
57 3 0 2353 2434 1
58 0 2 2473 2520 1
59 2 3 2549 2584 1
60 4 2 1598 1616 2
61 2 1 1641 1707 1
62 1 2 1726 1792 1
63 4 0 1956 1993 1
64 0 4 2019 2056 2
65 4 2 2083 2101 1
66 2 4 2117 2135 1
67 3 2 367 402 1
68 0 3 549 630 1
69 4 2 731 749 1
70 1 3 870 906 1
71 4 3 1325 1370 1
72 4 3 1570 1615 1
73 3 2 1643 1678 1
74 2 4 1726 1744 2
75 4 0 1766 1803 2
76 0 4 1825 1862 2
77 3 4 2003 2048 2
78 3 4 2174 2219 1
79 4 2 2257 2275 1
80 4 2 2416 2434 1
81 2 4 2461 2479 1
82 4 3 2496 2541 1
83 3 2 462 497 1
84 3 2 642 677 1
85 1 3 813 849 1
86 3 1 884 920 2
87 1 3 944 980 1
88 3 1 1528 1564 1
89 1 4 1619 1687 1
90 0 4 1827 1864 1
91 4 2 1911 1929 1
92 2 1 1945 2011 1
93 1 3 2031 2067 1
94 4 3 87 132 1
95 2 1 219 285 1
96 3 4 440 485 2
97 2 4 583 601 1
98 3 2 1444 1479 1
99 2 1 1533 1599 1
100 1 2 1624 1690 1
101 4 3 1788 1833 1
102 3 1 1872 1908 1
103 1 3 1938 1974 1
104 3 4 539 584 1
105 2 3 757 792 2
106 1 2 953 1019 1
107 2 3 1040 1075 2
108 3 4 1578 1623 2
109 4 2 1671 1689 1
110 2 0 1704 1751 1
111 4 3 1891 1936 2
112 4 3 2070 2115 1
113 3 0 1244 1325 2
114 1 0 1551 1656 1
115 0 4 1677 1714 1
116 4 3 1737 1782 1
117 3 4 1036 1081 1
118 4 3 1104 1149 1
119 0 3 1380 1461 1
120 3 1 1480 1516 1
121 1 3 1536 1572 1
122 4 0 149 186 1
123 0 3 237 318 1
124 4 3 543 588 2
125 3 4 617 662 2
126 4 3 643 688 1
127 3 4 746 791 2
128 3 1 995 1031 1
129 1 2 1046 1112 1
130 2 4 1133 1151 2
131 4 3 289 334 1
132 4 1 512 580 1
133 1 4 613 681 1
134 2 4 786 804 1
135 3 4 670 715 1
136 4 3 740 785 1
137 3 2 826 861 1
138 2 4 889 907 2
139 4 3 946 991 1
140 4 3 1085 1130 1
141 4 0 1840 1877 1
142 4 1 2091 2159 1
143 1 3 2202 2238 1
144 3 1 2253 2289 1
145 1 4 2310 2378 1
146 4 2 409 427 2
147 2 0 453 500 2
148 4 3 584 629 1
149 4 0 844 881 1
150 0 4 909 946 1
151 4 2 1059 1077 1
152 4 1 1205 1273 1
153 1 4 1309 1377 1
154 4 3 1403 1448 1
155 3 4 1478 1523 1
156 4 2 1545 1563 1
157 2 4 1579 1597 1
158 4 0 1791 1828 1
159 1 4 2033 2101 1
160 4 0 2126 2163 1
161 0 2 2189 2236 1
162 2 4 2266 2284 1
163 3 4 256 301 2
164 2 3 485 520 1
165 4 3 718 763 1
166 4 3 65 110 1
167 4 2 340 358 2
168 0 2 523 570 1
169 2 4 585 603 1
170 3 0 1242 1323 1
171 0 3 1352 1433 1
172 4 0 1646 1683 1
173 0 3 1699 1780 1
174 3 0 470 551 1
175 0 2 600 647 1
176 3 2 833 868 1
177 4 3 949 994 1
178 3 4 1442 1487 1
179 2 3 1643 1678 2
180 3 2 1713 1748 1
181 2 4 1780 1798 1
182 3 4 269 314 1
183 2 4 415 433 1
184 3 0 616 697 1
185 0 2 712 759 1
186 2 3 774 809 1
187 3 1 1637 1673 1
188 1 0 1705 1810 1
189 0 3 1865 1946 1
190 3 1 1971 2007 1
191 4 1 628 696 1
192 4 2 918 936 1
193 3 2 1096 1131 1
194 2 4 1146 1164 1
195 4 2 1516 1534 1
196 3 2 1735 1770 1
197 2 4 1801 1819 1
198 3 4 343 388 1
199 4 3 420 465 1
//Vehicles: idOfVehicle idOfStartingDepot nbTrips
0 -1 200
1 -1 200
2 -1 200
3 -1 200
4 -1 200
5 -1 200
6 -1 200
7 -1 200
8 -1 200
9 -1 200
10 -1 200
11 -1 200
12 -1 200
13 -1 200
14 -1 200
15 -1 200
16 -1 200
17 -1 200
18 -1 200
19 -1 200
20 -1 200
21 -1 200
22 -1 200
23 -1 200
24 -1 200
25 -1 200
26 -1 200
27 -1 200
28 -1 200
29 -1 200
30 -1 200
31 -1 200
32 -1 200
33 -1 200
34 -1 200
35 -1 200
36 -1 200
37 -1 200
38 -1 200
39 -1 200
//Drivers :idOfDriver idOfStartingDepot idOfEndingDepot nbTrips
0 -1 200
1 -1 200
2 -1 200
3 -1 200
4 -1 200
5 -1 200
6 -1 200
7 -1 200
8 -1 200
9 -1 200
10 -1 200
11 -1 200
12 -1 200
13 -1 200
14 -1 200
15 -1 200
16 -1 200
17 -1 200
18 -1 200
19 -1 200
20 -1 200
21 -1 200
22 -1 200
23 -1 200
24 -1 200
25 -1 200
26 -1 200
27 -1 200
28 -1 200
29 -1 200
30 -1 200
31 -1 200
32 -1 200
33 -1 200
34 -1 200
35 -1 200
36 -1 200
37 -1 200
38 -1 200
39 -1 200
//Graph arcs for trips can be performed successively: 
// idStartTrip idEndTrip costForVehicle costForDriver
0 1 400 20
0 7 2400 501
0 61 4940 247
0 74 2400 332
0 92 11020 551
0 99 2780 139
0 110 6200 310
0 157 2400 185
0 179 2400 249
0 181 2400 386
0 197 2400 407
1 2 580 29
1 6 7780 389
1 9 14100 705
1 15 2360 118
1 54 13240 662
1 73 3880 194
1 77 2400 554
1 88 1580 79
1 102 8460 423
1 108 2400 129
1 120 620 31
1 155 580 29
1 180 5280 264
1 187 3760 188
1 190 10440 522
1 196 5720 286
2 3 840 42
2 5 2400 254
2 8 2400 560
2 16 5480 274
2 39 11400 570
2 60 1500 75
2 63 8660 433
2 65 11200 560
2 72 940 47
2 75 4860 243
2 91 7760 388
2 101 2400 265
2 109 2960 148
2 111 2400 368
2 112 2400 547
2 116 2400 214
2 141 6340 317
2 142 11360 568
2 156 440 22
2 158 5360 268
2 160 12060 603
2 172 2460 123
3 4 1080 54
3 18 2400 410
3 41 2400 593
3 56 2400 653
3 62 1860 93
3 93 2400 398
3 103 2400 305
3 143 2400 569
3 145 2400 677
3 159 2400 400
3 188 1440 72
4 5 440 22
4 8 2400 328
4 12 13440 672
4 16 840 42
4 39 6760 338
4 63 4020 201
4 65 6560 328
4 79 10040 502
4 80 13220 661
4 91 3120 156
4 101 660 33
4 111 2400 136
4 112 2400 315
4 141 1700 85
4 142 6720 336
4 158 720 36
4 160 7420 371
5 6 320 16
5 9 6640 332
5 54 5780 289
5 57 10620 531
5 77 2400 181
5 78 2400 352
5 102 1000 50
5 144 8620 431
5 190 2980 149
6 7 440 22
6 11 2400 500
6 13 2400 631
6 40 5380 269
6 42 12220 611
6 55 6200 310
6 59 2400 676
6 66 2400 244
6 81 2400 588
6 92 1440 72
6 162 2400 393
7 8 2400 170
7 12 10280 514
7 39 3600 180
7 63 860 43
7 65 3400 170
7 79 6880 344
7 80 10060 503
7 82 2400 583
7 112 2400 157
7 142 3560 178
7 160 4260 213
8 9 520 26
8 14 2400 445
8 57 4500 225
8 78 920 46
8 144 2500 125
9 10 660 33
9 43 2400 332
9 58 4760 238
10 11 1160 58
10 13 2400 189
10 42 3380 169
10 59 2400 234
10 81 2400 146
11 12 720 36
11 80 500 25
11 82 2100 105
12 13 1180 59
12 42 780 39
12 59 2080 104
12 81 320 16
13 14 680 34
15 4 1680 84
15 18 2400 440
15 41 2400 623
15 56 2400 683
15 62 2460 123
15 89 320 16
15 93 2400 428
15 100 420 21
15 103 2400 335
15 143 2400 599
15 145 2400 707
15 159 2400 430
15 188 2040 102
16 10 8680 434
16 17 1180 59
16 58 12780 639
16 64 2400 185
16 161 7100 355
16 189 620 31
17 18 900 45
17 41 2400 228
17 56 2400 288
17 93 660 33
17 143 2400 204
17 145 2400 312
17 159 700 35
18 9 1500 75
18 14 2400 494
18 54 640 32
18 57 5480 274
18 78 1900 95
18 144 3480 174
19 20 1020 51
19 24 2400 388
19 30 5180 259
19 33 10680 534
19 52 11880 594
19 95 600 30
19 97 2400 394
19 105 2400 568
19 134 2400 597
19 138 2400 700
19 147 5280 264
19 164 2400 296
19 169 2400 396
19 183 2400 226
19 186 2400 585
20 21 1060 53
20 34 2400 506
20 53 2400 592
20 70 2400 564
20 85 2400 507
20 87 2400 638
20 106 12940 647
20 133 2400 307
21 22 960 48
21 36 2400 619
21 50 2400 270
21 83 1340 67
21 84 4940 247
21 86 9780 489
21 96 900 45
21 104 2400 144
21 117 2400 641
21 125 2400 222
21 127 2400 351
21 128 12000 600
21 135 2400 275
21 137 8620 431
21 174 1500 75
21 176 8760 438
21 184 4420 221
21 193 14020 701
22 23 840 42
22 32 3900 195
22 35 2400 437
22 37 12120 606
22 44 2400 595
22 51 5000 250
22 69 4860 243
22 118 2400 616
22 124 1100 55
22 126 2400 155
22 132 480 24
22 136 2400 252
22 139 2400 458
22 140 2400 597
22 148 1920 96
22 149 7120 356
22 151 11420 571
22 152 14340 717
22 165 2400 230
22 177 2400 461
22 191 2800 140
22 192 8600 430
23 24 580 29
23 33 3500 175
23 52 4700 235
23 97 700 35
23 105 2400 209
23 107 2400 492
23 130 2400 585
23 134 2400 238
23 138 2400 341
23 169 740 37
23 186 2400 226
23 194 2400 598
24 36 2400 402
24 45 10920 546
24 47 13880 694
24 50 1060 53
24 84 600 30
24 86 5440 272
24 113 12640 632
24 117 2400 424
24 127 2400 134
24 128 7660 383
24 135 1160 58
24 137 4280 214
24 170 12600 630
24 176 4420 221
24 193 9680 484
25 26 520 26
25 29 6200 310
25 31 2400 464
25 68 2400 492
25 123 2400 180
25 168 9320 466
25 175 10860 543
25 185 13100 655
26 22 2400 279
26 27 940 47
26 50 2400 501
26 67 4060 203
26 83 5960 298
26 84 9560 478
26 86 14400 720
26 96 2400 276
26 104 2400 375
26 125 2400 453
26 127 2400 582
26 135 2400 506
26 137 13240 662
26 163 1840 92
26 174 6120 306
26 176 13380 669
26 182 2100 105
26 184 9040 452
26 198 2400 179
27 23 5480 274
27 28 340 17
27 32 8540 427
27 35 2400 669
27 51 9640 482
27 69 9500 475
27 124 2400 287
27 126 2400 387
27 131 660 33
27 132 5120 256
27 136 2400 484
27 139 2400 690
27 146 3060 153
27 148 2400 328
27 149 11760 588
27 165 2400 462
27 167 1680 84
27 177 2400 693
27 191 7440 372
27 192 13240 662
27 199 2400 164
28 29 1140 57
28 31 2400 211
28 68 2400 239
28 150 2400 599
28 168 4260 213
28 175 5800 290
28 185 8040 402
29 24 2400 163
29 30 680 34
29 33 6180 309
29 52 7380 369
29 97 2400 169
29 105 2400 343
29 107 2400 626
29 130 2400 719
29 134 2400 372
29 138 2400 475
29 147 780 39
29 164 1420 71
29 169 2400 171
29 186 2400 360
30 31 520 26
30 38 2400 669
30 68 1080 54
30 150 2400 414
30 168 560 28
30 175 2100 105
30 185 4340 217
31 32 2500 125
31 35 2400 367
31 37 10720 536
31 44 2400 525
31 51 3600 180
31 69 3460 173
31 118 2400 546
31 126 1700 85
31 136 2400 182
31 139 2400 388
31 140 2400 527
31 148 520 26
31 149 5720 286
31 151 10020 501
31 152 12940 647
31 165 2400 160
31 177 2400 391
31 191 1400 70
31 192 7200 360
32 1 2400 713
32 33 440 22
32 52 1640 82
32 105 1120 56
32 107 2400 339
32 130 2400 432
32 134 1700 85
32 138 2400 188
32 186 1460 73
32 194 2400 445
33 34 460 23
33 46 2400 458
33 53 2180 109
33 70 1620 81
33 85 480 24
33 87 2400 155
33 106 3280 164
33 129 5140 257
33 153 2400 520
34 0 9920 496
34 3 13700 685
34 35 900 45
34 37 4280 214
34 44 2400 203
34 60 14360 718
34 71 2400 445
34 72 2400 690
34 118 2400 224
34 139 1320 66
34 140 2400 205
34 151 3580 179
34 152 6500 325
34 154 2400 523
34 156 13300 665
34 177 1380 69
34 192 760 38
34 195 12720 636
35 2 2400 508
35 15 11940 597
35 36 880 44
35 45 3760 188
35 47 6720 336
35 73 13460 673
35 88 11160 558
35 98 9480 474
35 108 2400 608
35 113 5480 274
35 117 1320 66
35 120 10200 510
35 128 500 25
35 155 2400 508
35 170 5440 272
35 178 2400 472
35 187 13340 667
35 193 2520 126
36 0 6340 317
36 3 10120 506
36 5 2400 718
36 37 700 35
36 44 480 24
36 60 10780 539
36 71 2400 266
36 72 2400 511
36 75 14140 707
36 109 12240 612
36 116 2400 678
36 118 900 45
36 140 520 26
36 152 2920 146
36 154 2400 344
36 156 9720 486
36 172 11740 587
36 195 9140 457
37 38 660 33
37 48 5640 282
37 76 2400 694
37 90 2400 696
37 115 2400 546
37 119 2400 249
37 171 2400 221
37 173 2400 568
38 0 3500 175
38 3 7280 364
38 5 2400 576
38 16 11920 596
38 60 7940 397
38 71 2400 124
38 72 2400 369
38 75 11300 565
38 91 14200 710
38 101 2400 587
38 109 9400 470
38 111 2400 690
38 116 2400 536
38 141 12780 639
38 154 2400 202
38 156 6880 344
38 158 11800 590
38 172 8900 445
38 195 6300 315
39 11 2400 262
39 13 2400 393
39 40 620 31
39 42 7460 373
39 55 1440 72
39 59 2400 438
39 81 2400 350
39 162 2400 155
40 41 360 18
40 56 1560 78
40 145 2040 102
41 12 2660 133
41 80 2440 122
41 82 2400 202
42 43 720 36
44 2 2400 350
44 6 14200 710
44 15 8780 439
44 45 600 30
44 47 3560 178
44 73 10300 515
44 88 8000 400
44 98 6320 316
44 108 2400 450
44 113 2320 116
44 120 7040 352
44 155 2400 350
44 170 2280 114
44 178 2400 314
44 180 11700 585
44 187 10180 509
44 196 12140 607
45 4 2400 493
45 46 1060 53
45 49 2400 359
45 62 10640 532
45 89 2400 425
45 100 8600 430
45 114 7140 357
45 121 2400 342
45 153 2300 115
45 188 10220 511
46 2 2400 195
46 6 11100 555
46 15 5680 284
46 47 460 23
46 73 7200 360
46 77 2400 720
46 88 4900 245
46 98 3220 161
46 102 11780 589
46 108 2400 295
46 120 3940 197
46 155 2400 195
46 178 2400 159
46 180 8600 430
46 187 7080 354
46 190 13760 688
46 196 9040 452
47 17 10120 506
47 48 520 26
47 64 2400 632
47 76 2400 438
47 90 2400 440
47 115 2400 290
47 173 2400 312
47 189 2400 478
48 4 2400 169
48 18 2400 525
48 41 2400 708
48 49 700 35
48 62 4160 208
48 89 2020 101
48 93 2400 513
48 100 2120 106
48 103 2400 420
48 114 660 33
48 121 360 18
48 143 2400 684
48 159 2400 515
48 188 3740 187
49 5 2400 156
49 8 2400 462
49 16 3520 176
49 39 9440 472
49 63 6700 335
49 65 9240 462
49 75 2900 145
49 79 12720 636
49 91 5800 290
49 101 2400 167
49 109 1000 50
49 111 2400 270
49 112 2400 449
49 116 2320 116
49 141 4380 219
49 142 9400 470
49 158 3400 170
49 160 10100 505
49 172 500 25
50 0 13320 666
50 35 2400 215
50 37 7680 384
50 44 2400 373
50 51 560 28
50 69 420 21
50 71 2400 615
50 118 2400 394
50 136 600 30
50 139 2400 236
50 140 2400 375
50 149 2680 134
50 151 6980 349
50 152 9900 495
50 154 2400 693
50 177 2400 239
50 192 4160 208
51 1 2400 658
51 52 540 27
51 107 2400 284
51 130 2400 377
51 134 600 30
51 138 2400 133
51 186 360 18
51 194 2400 390
52 46 2400 398
52 49 2400 704
52 53 980 49
52 70 420 21
52 87 1900 95
52 106 2080 104
52 114 14040 702
52 121 2400 687
52 129 3940 197
52 153 2400 460
53 0 8200 410
53 3 11980 599
53 37 2560 128
53 44 2340 117
53 60 12640 632
53 71 2400 359
53 72 2400 604
53 109 14100 705
53 118 2400 138
53 140 2380 119
53 151 1860 93
53 152 4780 239
53 154 2400 437
53 156 11580 579
53 172 13600 680
53 195 11000 550
54 11 2400 227
54 13 2400 358
54 42 6760 338
54 55 740 37
54 59 2400 403
54 81 2400 315
54 162 2400 120
55 56 740 37
55 145 1220 61
56 14 2400 251
56 57 620 31
57 43 2400 133
57 58 780 39
58 59 580 29
60 7 2400 279
60 40 10520 526
60 55 11340 567
60 61 500 25
60 66 2400 501
60 74 2200 110
60 92 6580 329
60 110 1760 88
60 162 2400 650
60 179 540 27
60 181 2400 164
60 197 2400 185
61 18 2400 336
61 41 2400 519
61 56 2400 579
61 62 380 19
61 93 2400 324
61 103 2400 231
61 143 2400 495
61 145 2400 603
61 159 2400 326
62 7 2060 103
62 11 2400 581
62 13 2400 712
62 40 7000 350
62 42 13840 692
62 55 7820 391
62 66 2400 325
62 81 2400 669
62 92 3060 153
62 162 2400 474
63 10 5500 275
63 43 2400 574
63 58 9600 480
63 64 520 26
63 161 3920 196
64 8 540 27
64 12 7420 371
64 39 740 37
64 65 540 27
64 79 4020 201
64 80 7200 360
64 82 2400 440
64 142 700 35
64 160 1400 70
65 11 2400 272
65 13 2400 403
65 40 820 41
65 42 7660 383
65 55 1640 82
65 59 2400 448
65 66 320 16
65 81 2400 360
65 162 2400 165
66 12 5840 292
66 79 2440 122
66 80 5620 281
66 82 2400 361
67 24 2400 175
67 30 920 46
67 33 6420 321
67 52 7620 381
67 97 2400 181
67 105 2400 355
67 107 2400 638
67 134 2400 384
67 138 2400 487
67 147 1020 51
67 164 1660 83
67 169 2400 183
67 186 2400 372
68 36 2400 384
68 45 10560 528
68 47 13520 676
68 50 700 35
68 86 5080 254
68 113 12280 614
68 117 2400 406
68 127 2320 116
68 128 7300 365
68 135 800 40
68 137 3920 196
68 170 12240 612
68 176 4060 203
68 193 9320 466
69 1 2400 665
69 52 680 34
69 107 2400 291
69 130 2400 384
69 134 740 37
69 138 2400 140
69 186 500 25
69 194 2400 397
70 2 2400 572
70 15 13220 661
70 36 2160 108
70 45 5040 252
70 47 8000 400
70 88 12440 622
70 98 10760 538
70 108 2400 672
70 113 6760 338
70 117 2400 130
70 120 11480 574
70 128 1780 89
70 155 2400 572
70 170 6720 336
70 178 2400 536
70 193 3800 190
71 2 2160 108
71 6 9360 468
71 15 3940 197
71 73 5460 273
71 77 2400 633
71 88 3160 158
71 98 1480 74
71 102 10040 502
71 108 2400 208
71 120 2200 110
71 155 2160 108
71 178 1440 72
71 180 6860 343
71 187 5340 267
71 190 12020 601
71 196 7300 365
72 6 4460 223
72 9 10780 539
72 54 9920 496
72 73 560 28
72 77 2400 388
72 78 2400 559
72 102 5140 257
72 144 12760 638
72 180 1960 98
72 187 440 22
72 190 7120 356
72 196 2400 120
73 7 2400 217
73 11 2400 695
73 40 9280 464
73 55 10100 505
73 66 2400 439
73 74 960 48
73 92 5340 267
73 110 520 26
73 162 2400 588
73 181 2040 102
73 197 2400 123
74 5 660 33
74 8 2400 339
74 12 13660 683
74 16 1060 53
74 39 6980 349
74 63 4240 212
74 65 6780 339
74 75 440 22
74 79 10260 513
74 80 13440 672
74 91 3340 167
74 101 880 44
74 111 2400 147
74 112 2400 326
74 141 1920 96
74 142 6940 347
74 158 940 47
74 160 7640 382
75 10 9300 465
75 17 1800 90
75 58 13400 670
75 64 2400 216
75 76 440 22
75 90 480 24
75 161 7720 386
75 189 1240 62
76 8 2400 221
76 12 11300 565
76 39 4620 231
76 63 1880 94
76 65 4420 221
76 79 7900 395
76 80 11080 554
76 82 2400 634
76 91 980 49
76 111 580 29
76 112 2400 208
76 142 4580 229
76 160 5280 264
77 8 700 35
77 12 7580 379
77 39 900 45
77 65 700 35
77 79 4180 209
77 80 7360 368
77 82 2400 448
77 112 440 22
77 142 860 43
77 160 1560 78
78 12 4160 208
78 79 760 38
78 80 3940 197
78 82 2400 277
79 11 1960 98
79 13 2400 229
79 42 4180 209
79 59 2400 274
79 81 2400 186
80 13 1400 70
80 42 1000 50
80 59 2300 115
80 81 540 27
81 82 340 17
82 14 640 32
83 24 1600 80
83 33 4520 226
83 52 5720 286
83 97 1720 86
83 105 2400 260
83 107 2400 543
83 130 2400 636
83 134 2400 289
83 138 2400 392
83 169 1760 88
83 186 2400 277
83 194 2400 649
84 33 920 46
84 52 2120 106
84 105 1600 80
84 107 2400 363
84 130 2400 456
84 134 2180 109
84 138 2400 212
84 186 1940 97
84 194 2400 469
85 2 2400 629
85 15 14360 718
85 36 2400 165
85 45 6180 309
85 47 9140 457
85 86 700 35
85 88 13580 679
85 98 11900 595
85 113 7900 395
85 117 2400 187
85 120 12620 631
85 128 2920 146
85 155 2400 629
85 170 7860 393
85 178 2400 593
85 193 4940 247
86 46 2400 327
86 49 2400 633
86 87 480 24
86 89 2400 699
86 100 14080 704
86 106 660 33
86 114 12620 631
86 121 2400 616
86 129 2520 126
86 153 2400 389
87 2 2400 498
87 15 11740 587
87 36 680 34
87 45 3560 178
87 47 6520 326
87 73 13260 663
87 88 10960 548
87 98 9280 464
87 108 2400 598
87 113 5280 264
87 117 1120 56
87 120 10000 500
87 128 300 15
87 155 2400 498
87 170 5240 262
87 178 2400 462
87 187 13140 657
87 193 2320 116
88 4 2400 123
88 18 2400 479
88 41 2400 662
88 62 3240 162
88 89 1100 55
88 93 2400 467
88 100 1200 60
88 103 2400 374
88 143 2400 638
88 159 2400 469
88 188 2820 141
89 5 1800 90
89 8 2400 396
89 16 2200 110
89 39 8120 406
89 63 5380 269
89 65 7920 396
89 75 1580 79
89 79 11400 570
89 91 4480 224
89 101 2020 101
89 111 2400 204
89 112 2400 383
89 116 1000 50
89 141 3060 153
89 142 8080 404
89 158 2080 104
89 160 8780 439
90 8 2400 219
90 12 11260 563
90 39 4580 229
90 63 1840 92
90 65 4380 219
90 79 7860 393
90 80 11040 552
90 82 2400 632
90 91 940 47
90 111 540 27
90 112 2400 206
90 142 4540 227
90 160 5240 262
91 11 2400 444
91 13 2400 575
91 40 4260 213
91 42 11100 555
91 55 5080 254
91 59 2400 620
91 66 2400 188
91 81 2400 532
91 92 320 16
91 162 2400 337
92 18 640 32
92 41 2400 215
92 56 2400 275
92 93 400 20
92 143 2400 191
92 145 2400 299
92 159 440 22
93 9 1740 87
93 14 2400 506
93 54 880 44
93 57 5720 286
93 78 2140 107
93 144 3720 186
94 19 440 22
94 22 2400 311
94 27 1580 79
94 50 2400 533
94 67 4700 235
94 83 6600 330
94 84 10200 510
94 96 2400 308
94 104 2400 407
94 125 2400 485
94 127 2400 614
94 135 2400 538
94 137 13880 694
94 163 2400 124
94 174 6760 338
94 176 14020 701
94 182 2400 137
94 184 9680 484
94 198 2400 211
95 21 1480 74
95 34 2400 527
95 53 2400 613
95 70 2400 585
95 85 2400 528
95 87 2400 659
95 106 13360 668
95 133 2400 328
96 23 900 45
96 32 3960 198
96 35 2400 440
96 37 12180 609
96 44 2400 598
96 51 5060 253
96 69 4920 246
96 118 2400 619
96 124 1160 58
96 126 2400 158
96 132 540 27
96 136 2400 255
96 139 2400 461
96 140 2400 600
96 148 1980 99
96 149 7180 359
96 151 11480 574
96 152 14400 720
96 165 2400 233
96 177 2400 464
96 191 2860 143
96 192 8660 433
97 32 1640 82
97 35 2400 324
97 37 9860 493
97 44 2400 482
97 51 2740 137
97 69 2600 130
97 118 2400 503
97 126 840 42
97 136 2400 139
97 139 2400 345
97 140 2400 484
97 149 4860 243
97 151 9160 458
97 152 12080 604
97 165 2340 117
97 177 2400 348
97 191 540 27
97 192 6340 317
98 7 2400 416
98 40 13260 663
98 55 14080 704
98 61 3240 162
98 66 2400 638
98 74 2400 247
98 92 9320 466
98 99 1080 54
98 110 4500 225
98 157 2000 100
98 179 2400 164
98 181 2400 301
98 197 2400 322
99 4 1760 88
99 18 2400 444
99 41 2400 627
99 56 2400 687
99 62 2540 127
99 89 400 20
99 93 2400 432
99 100 500 25
99 103 2400 339
99 143 2400 603
99 145 2400 711
99 159 2400 434
99 188 2120 106
100 7 2400 205
100 11 2400 683
100 40 9040 452
100 55 9860 493
100 66 2400 427
100 74 720 36
100 92 5100 255
100 162 2400 576
100 181 1800 90
100 197 2220 111
101 9 6420 321
101 54 5560 278
101 57 10400 520
101 77 2400 170
101 78 2400 341
101 102 780 39
101 144 8400 420
101 190 2760 138
102 18 2400 135
102 41 2400 318
102 56 2400 378
102 93 2400 123
102 103 600 30
102 143 2400 294
102 145 2400 402
102 159 2400 125
103 9 3600 180
103 14 2400 599
103 54 2740 137
103 57 7580 379
103 77 580 29
103 78 2400 200
103 144 5580 279
104 32 1980 99
104 35 2400 341
104 37 10200 510
104 44 2400 499
104 51 3080 154
104 69 2940 147
104 118 2400 520
104 126 1180 59
104 136 2400 156
104 139 2400 362
104 140 2400 501
104 149 5200 260
104 151 9500 475
104 152 12420 621
104 165 2400 134
104 177 2400 365
104 191 880 44
104 192 6680 334
105 2 2400 686
105 36 2400 222
105 45 7320 366
105 47 10280 514
105 86 1840 92
105 98 13040 652
105 113 9040 452
105 117 2400 244
105 120 13760 688
105 128 4060 203
105 137 680 34
105 155 2400 686
105 170 9000 450
105 176 820 41
105 178 2400 650
105 193 6080 304
106 1 2400 395
106 61 12440 622
106 74 2400 707
106 99 10280 514
106 107 420 21
106 110 13700 685
106 130 2280 114
106 157 2400 560
106 179 2400 624
106 194 2400 127
107 2 2400 403
107 15 9840 492
107 45 1660 83
107 47 4620 231
107 73 11360 568
107 88 9060 453
107 98 7380 369
107 108 2400 503
107 113 3380 169
107 120 8100 405
107 155 2400 403
107 170 3340 167
107 178 2400 367
107 180 12760 638
107 187 11240 562
107 193 420 21
107 196 13200 660
108 5 2400 154
108 8 2400 460
108 16 3480 174
108 39 9400 470
108 63 6660 333
108 65 9200 460
108 75 2860 143
108 79 12680 634
108 91 5760 288
108 101 2400 165
108 109 960 48
108 111 2400 268
108 112 2400 447
108 116 2280 114
108 141 4340 217
108 142 9360 468
108 158 3360 168
108 160 10060 503
108 172 460 23
109 7 2400 206
109 11 2400 684
109 40 9060 453
109 55 9880 494
109 66 2400 428
109 74 740 37
109 92 5120 256
109 110 300 15
109 162 2400 577
109 181 1820 91
109 197 2240 112
110 10 10340 517
110 17 2840 142
110 64 2400 268
110 76 1480 74
110 90 1520 76
110 161 8760 438
110 189 2280 114
111 9 4360 218
111 14 2400 637
111 54 3500 175
111 57 8340 417
111 77 1340 67
111 78 2400 238
111 144 6340 317
111 190 700 35
112 9 780 39
112 14 2400 458
112 57 4760 238
112 78 1180 59
112 144 2760 138
113 17 11360 568
113 48 1760 88
113 64 2400 694
113 76 2400 500
113 90 2400 502
113 115 2400 352
113 119 1100 55
113 171 540 27
113 173 2400 374
113 189 2400 540
114 10 12240 612
114 17 4740 237
114 64 2400 363
114 76 2400 169
114 90 2400 171
114 115 420 21
114 161 10660 533
114 173 860 43
114 189 2400 209
115 5 1260 63
115 8 2400 369
115 12 14260 713
115 16 1660 83
115 39 7580 379
115 63 4840 242
115 65 7380 369
115 75 1040 52
115 79 10860 543
115 80 14040 702
115 91 3940 197
115 101 1480 74
115 111 2400 177
115 112 2400 356
115 116 460 23
115 141 2520 126
115 142 7540 377
115 158 1540 77
115 160 8240 412
116 6 1120 56
116 9 7440 372
116 54 6580 329
116 57 11420 571
116 77 2400 221
116 78 2400 392
116 102 1800 90
116 144 9420 471
116 190 3780 189
117 0 5900 295
117 3 9680 484
117 5 2400 696
117 16 14320 716
117 60 10340 517
117 71 2400 244
117 72 2400 489
117 75 13700 685
117 101 2400 707
117 109 11800 590
117 116 2400 656
117 118 460 23
117 152 2480 124
117 154 2400 322
117 156 9280 464
117 158 14200 710
117 172 11300 565
117 195 8700 435
118 2 2400 329
118 6 13780 689
118 15 8360 418
118 47 3140 157
118 73 9880 494
118 88 7580 379
118 98 5900 295
118 108 2400 429
118 113 1900 95
118 120 6620 331
118 155 2400 329
118 170 1860 93
118 178 2400 293
118 180 11280 564
118 187 9760 488
118 196 11720 586
119 2 340 17
119 6 7540 377
119 9 13860 693
119 15 2120 106
119 54 13000 650
119 73 3640 182
119 77 2400 542
119 78 2400 713
119 88 1340 67
119 102 8220 411
119 108 2340 117
119 120 380 19
119 155 340 17
119 180 5040 252
119 187 3520 176
119 190 10200 510
119 196 5480 274
120 4 2400 171
120 18 2400 527
120 41 2400 710
120 49 740 37
120 62 4200 210
120 89 2060 103
120 93 2400 515
120 100 2160 108
120 103 2400 422
120 114 700 35
120 121 400 20
120 143 2400 686
120 159 2400 517
120 188 3780 189
121 6 5320 266
121 9 11640 582
121 54 10780 539
121 73 1420 71
121 77 2400 431
121 78 2400 602
121 102 6000 300
121 144 13620 681
121 180 2820 141
121 187 1300 65
121 190 7980 399
121 196 3260 163
122 29 3620 181
122 31 2400 335
122 68 2400 363
122 123 1020 51
122 168 6740 337
122 175 8280 414
122 185 10520 526
123 22 2400 125
123 36 2400 696
123 50 2400 347
123 67 980 49
123 83 2880 144
123 84 6480 324
123 86 11320 566
123 96 2400 122
123 104 2400 221
123 117 2400 718
123 125 2400 299
123 127 2400 428
123 128 13540 677
123 135 2400 352
123 137 10160 508
123 174 3040 152
123 176 10300 515
123 184 5960 298
123 198 500 25
124 36 2400 426
124 45 11400 570
124 47 14360 718
124 50 1540 77
124 84 1080 54
124 86 5920 296
124 113 13120 656
124 117 2400 448
124 125 580 29
124 127 2400 158
124 128 8140 407
124 135 1640 82
124 137 4760 238
124 170 13080 654
124 176 4900 245
124 184 560 28
124 193 10160 508
125 0 14280 714
125 32 420 21
125 35 2400 263
125 37 8640 432
125 44 2400 421
125 51 1520 76
125 69 1380 69
125 71 2400 663
125 118 2400 442
125 136 1560 78
125 139 2400 284
125 140 2400 423
125 149 3640 182
125 151 7940 397
125 152 10860 543
125 165 1120 56
125 177 2400 287
125 192 5120 256
126 36 2400 326
126 45 9400 470
126 47 12360 618
126 86 3920 196
126 113 11120 556
126 117 2400 348
126 127 1160 58
126 128 6140 307
126 137 2760 138
126 170 11080 554
126 176 2900 145
126 193 8160 408
127 0 11700 585
127 35 2400 134
127 37 6060 303
127 44 2400 292
127 71 2400 534
127 118 2400 313
127 139 2400 155
127 140 2400 294
127 149 1060 53
127 151 5360 268
127 152 8280 414
127 154 2400 612
127 177 2400 158
127 192 2540 127
128 4 2400 656
128 46 2400 216
128 49 2400 522
128 62 13900 695
128 89 2400 588
128 100 11860 593
128 114 10400 520
128 121 2400 505
128 129 300 15
128 153 2400 278
128 188 13480 674
129 1 2400 302
129 61 10580 529
129 74 2400 614
129 99 8420 421
129 110 11840 592
129 130 420 21
129 157 2400 467
129 179 2400 531
129 181 2400 668
129 194 680 34
129 197 2400 689
130 0 4500 225
130 3 8280 414
130 5 2400 626
130 16 12920 646
130 60 8940 447
130 71 2400 174
130 72 2400 419
130 75 12300 615
130 101 2400 637
130 109 10400 520
130 116 2400 586
130 141 13780 689
130 152 1080 54
130 154 2400 252
130 156 7880 394
130 158 12800 640
130 172 9900 495
130 195 7300 365
131 22 2180 109
131 36 2400 680
131 50 2400 331
131 67 660 33
131 83 2560 128
131 84 6160 308
131 86 11000 550
131 96 2120 106
131 104 2400 205
131 117 2400 702
131 125 2400 283
131 127 2400 412
131 128 13220 661
131 135 2400 336
131 137 9840 492
131 174 2720 136
131 176 9980 499
131 184 5640 282
132 34 2400 232
132 46 2400 667
132 53 2400 318
132 70 2400 290
132 85 2400 233
132 87 2400 364
132 106 7460 373
132 129 9320 466
132 133 660 33
133 0 13900 695
133 35 2400 244
133 37 8260 413
133 44 2400 402
133 51 1140 57
133 69 1000 50
133 71 2400 644
133 118 2400 423
133 136 1180 59
133 139 2400 265
133 140 2400 404
133 149 3260 163
133 151 7560 378
133 152 10480 524
133 165 740 37
133 177 2400 268
133 192 4740 237
134 0 11440 572
134 35 2400 121
134 37 5800 290
134 44 2400 279
134 71 2400 521
134 118 2400 300
134 139 2400 142
134 140 2400 281
134 149 800 40
134 151 5100 255
134 152 8020 401
134 154 2400 599
134 177 2400 145
134 192 2280 114
134 195 14240 712
135 0 13220 661
135 35 2400 210
135 37 7580 379
135 44 2400 368
135 51 460 23
135 69 320 16
135 71 2400 610
135 118 2400 389
135 136 500 25
135 139 2400 231
135 140 2400 370
135 149 2580 129
135 151 6880 344
135 152 9800 490
135 154 2400 688
135 177 2400 234
135 192 4060 203
136 2 2400 693
136 36 2400 229
136 45 7460 373
136 47 10420 521
136 86 1980 99
136 98 13180 659
136 113 9180 459
136 117 2400 251
136 120 13900 695
136 128 4200 210
136 137 820 41
136 155 2400 693
136 170 9140 457
136 176 960 48
136 178 2400 657
136 193 6220 311
137 1 2400 553
137 99 13440 672
137 107 2400 179
137 130 2400 272
137 138 560 28
137 157 2400 718
137 194 2400 285
138 0 9380 469
138 3 13160 658
138 35 360 18
138 37 3740 187
138 44 2400 176
138 60 13820 691
138 71 2400 418
138 72 2400 663
138 118 2400 197
138 139 780 39
138 140 2400 178
138 151 3040 152
138 152 5960 298
138 154 2400 496
138 156 12760 638
138 177 840 42
138 195 12180 609
139 2 2400 487
139 15 11520 576
139 36 460 23
139 45 3340 167
139 47 6300 315
139 73 13040 652
139 88 10740 537
139 98 9060 453
139 108 2400 587
139 113 5060 253
139 117 900 45
139 120 9780 489
139 155 2400 487
139 170 5020 251
139 178 2400 451
139 187 12920 646
139 193 2100 105
140 2 2400 348
140 6 14160 708
140 15 8740 437
140 45 560 28
140 47 3520 176
140 73 10260 513
140 88 7960 398
140 98 6280 314
140 108 2400 448
140 113 2280 114
140 120 7000 350
140 155 2400 348
140 170 2240 112
140 178 2400 312
140 180 11660 583
140 187 10140 507
140 196 12100 605
141 10 7820 391
141 17 320 16
141 43 2400 690
141 58 11920 596
141 64 2400 142
141 161 6240 312
142 41 1340 67
142 56 2400 127
142 143 860 43
142 145 2400 151
143 14 2400 335
143 57 2300 115
143 144 300 15
144 145 420 21
145 12 980 49
145 80 760 38
145 82 2360 118
146 24 2400 150
146 30 420 21
146 33 5920 296
146 52 7120 356
146 97 2400 156
146 105 2400 330
146 107 2400 613
146 130 2400 706
146 134 2400 359
146 138 2400 462
146 147 520 26
146 164 1160 58
146 169 2400 158
146 186 2400 347
146 194 2400 719
147 31 420 21
147 38 2400 664
147 68 980 49
147 150 2400 409
147 168 460 23
147 175 2000 100
147 185 4240 212
148 36 2400 385
148 45 10580 529
148 47 13540 677
148 50 720 36
148 86 5100 255
148 113 12300 615
148 117 2400 407
148 127 2340 117
148 128 7320 366
148 135 820 41
148 137 3940 197
148 170 12260 613
148 176 4080 204
148 193 9340 467
149 38 2400 283
149 48 10640 532
149 119 2400 499
149 150 560 28
149 171 2400 471
150 0 8600 430
150 3 12380 619
150 37 2960 148
150 44 2400 137
150 60 13040 652
150 71 2400 379
150 72 2400 624
150 118 2400 158
150 140 2400 139
150 151 2260 113
150 152 5180 259
150 154 2400 457
150 156 11980 599
150 172 14000 700
150 195 11400 570
151 1 2400 337
151 61 11280 564
151 74 2400 649
151 99 9120 456
151 110 12540 627
151 130 1120 56
151 157 2400 502
151 179 2400 566
151 181 2400 703
151 194 1380 69
152 4 2400 414
152 49 2400 280
152 62 9060 453
152 89 2400 346
152 100 7020 351
152 103 2400 665
152 114 5560 278
152 121 2400 263
152 153 720 36
152 188 8640 432
153 3 3760 188
153 5 2400 400
153 8 2400 706
153 16 8400 420
153 39 14320 716
153 60 4420 221
153 63 11580 579
153 65 14120 706
153 72 2400 193
153 75 7780 389
153 91 10680 534
153 101 2400 411
153 109 5880 294
153 111 2400 514
153 112 2400 693
153 116 2400 360
153 141 9260 463
153 142 14280 714
153 154 520 26
153 156 3360 168
153 158 8280 414
153 172 5380 269
153 195 2780 139
154 2 600 30
154 6 7800 390
154 9 14120 706
154 15 2380 119
154 54 13260 663
154 73 3900 195
154 77 2400 555
154 88 1600 80
154 102 8480 424
154 108 2400 130
154 120 640 32
154 155 600 30
154 180 5300 265
154 187 3780 189
154 190 10460 523
154 196 5740 287
155 3 840 42
155 5 2400 254
155 8 2400 560
155 16 5480 274
155 39 11400 570
155 60 1500 75
155 63 8660 433
155 65 11200 560
155 72 940 47
155 75 4860 243
155 91 7760 388
155 101 2400 265
155 109 2960 148
155 111 2400 368
155 112 2400 547
155 116 2400 214
155 141 6340 317
155 142 11360 568
155 156 440 22
155 158 5360 268
155 160 12060 603
155 172 2460 123
156 7 2400 332
156 40 11580 579
156 55 12400 620
156 61 1560 78
156 66 2400 554
156 74 2400 163
156 92 7640 382
156 110 2820 141
156 157 320 16
156 162 2400 703
156 179 1600 80
156 181 2400 217
156 197 2400 238
157 5 2400 180
157 8 2400 486
157 16 4000 200
157 39 9920 496
157 63 7180 359
157 65 9720 486
157 75 3380 169
157 79 13200 660
157 91 6280 314
157 101 2400 191
157 109 1480 74
157 111 2400 294
157 112 2400 473
157 116 2400 140
157 141 4860 243
157 142 9880 494
157 158 3880 194
157 160 10580 529
157 172 980 49
158 10 8800 440
158 17 1300 65
158 58 12900 645
158 64 2400 191
158 161 7220 361
158 189 740 37
159 12 6520 326
159 79 3120 156
159 80 6300 315
159 82 2400 395
159 160 500 25
160 10 2100 105
160 43 2400 404
160 58 6200 310
160 161 520 26
161 11 2400 137
161 13 2400 268
161 42 4960 248
161 59 2400 313
161 81 2400 225
161 162 600 30
162 12 2860 143
162 80 2640 132
162 82 2400 212
163 23 4580 229
163 32 7640 382
163 35 2400 624
163 51 8740 437
163 69 8600 430
163 124 2400 242
163 126 2400 342
163 132 4220 211
163 136 2400 439
163 139 2400 645
163 146 2160 108
163 148 2400 283
163 149 10860 543
163 165 2400 417
163 167 780 39
163 177 2400 648
163 191 6540 327
163 192 12340 617
163 199 2380 119
164 36 2400 494
164 45 12760 638
164 50 2400 145
164 84 2440 122
164 86 7280 364
164 104 380 19
164 117 2400 516
164 125 1940 97
164 127 2400 226
164 128 9500 475
164 135 2400 150
164 137 6120 306
164 176 6260 313
164 184 1920 96
164 193 11520 576
165 2 2400 715
165 36 2400 251
165 45 7900 395
165 47 10860 543
165 86 2420 121
165 98 13620 681
165 113 9620 481
165 117 2400 273
165 120 14340 717
165 128 4640 232
165 137 1260 63
165 155 2400 715
165 170 9580 479
165 176 1400 70
165 178 2400 679
165 193 6660 333
166 19 880 44
166 22 2400 333
166 27 2020 101
166 50 2400 555
166 67 5140 257
166 83 7040 352
166 84 10640 532
166 96 2400 330
166 104 2400 429
166 125 2400 507
166 127 2400 636
166 135 2400 560
166 137 14320 716
166 163 2400 146
166 174 7200 360
166 182 2400 159
166 184 10120 506
166 198 2400 233
167 24 2400 219
167 30 1800 90
167 33 7300 365
167 52 8500 425
167 97 2400 225
167 105 2400 399
167 107 2400 682
167 134 2400 428
167 138 2400 531
167 147 1900 95
167 164 2400 127
167 169 2400 227
167 183 1140 57
167 186 2400 416
168 33 3060 153
168 52 4260 213
168 105 2400 187
168 107 2400 470
168 130 2400 563
168 134 2400 216
168 138 2400 319
168 169 300 15
168 186 2400 204
168 194 2400 576
169 32 1600 80
169 35 2400 322
169 37 9820 491
169 44 2400 480
169 51 2700 135
169 69 2560 128
169 118 2400 501
169 126 800 40
169 136 2400 137
169 139 2400 343
169 140 2400 482
169 149 4820 241
169 151 9120 456
169 152 12040 602
169 165 2300 115
169 177 2400 346
169 191 500 25
169 192 6300 315
170 17 11400 570
170 48 1800 90
170 64 2400 696
170 76 2400 502
170 90 2400 504
170 115 2400 354
170 119 1140 57
170 171 580 29
170 173 2400 376
170 189 2400 542
171 2 900 45
171 6 8100 405
171 15 2680 134
171 54 13560 678
171 73 4200 210
171 77 2400 570
171 88 1900 95
171 102 8780 439
171 108 2400 145
171 120 940 47
171 155 900 45
171 180 5600 280
171 187 4080 204
171 190 10760 538
171 196 6040 302
172 10 11700 585
172 17 4200 210
172 64 2400 336
172 76 2400 142
172 90 2400 144
172 161 10120 506
172 173 320 16
172 189 2400 182
173 6 1160 58
173 9 7480 374
173 54 6620 331
173 57 11460 573
173 77 2400 223
173 78 2400 394
173 102 1840 92
173 144 9460 473
173 190 3820 191
174 38 2400 613
174 150 2400 358
174 175 980 49
174 185 3220 161
175 33 1520 76
175 52 2720 136
175 105 2200 110
175 107 2400 393
175 130 2400 486
175 134 2400 139
175 138 2400 242
175 186 2400 127
175 194 2400 499
176 1 2400 546
176 99 13300 665
176 107 2400 172
176 130 2400 265
176 138 420 21
176 157 2400 711
176 194 2400 278
177 2 2400 484
177 15 11460 573
177 36 400 20
177 45 3280 164
177 47 6240 312
177 73 12980 649
177 88 10680 534
177 98 9000 450
177 108 2400 584
177 113 5000 250
177 117 840 42
177 120 9720 486
177 155 2400 484
177 170 4960 248
177 178 2400 448
177 180 14380 719
177 187 12860 643
177 193 2040 102
178 3 1560 78
178 5 2400 290
178 8 2400 596
178 16 6200 310
178 39 12120 606
178 60 2220 111
178 63 9380 469
178 65 11920 596
178 72 1660 83
178 75 5580 279
178 91 8480 424
178 101 2400 301
178 109 3680 184
178 111 2400 404
178 112 2400 583
178 116 2400 250
178 141 7060 353
178 142 12080 604
178 156 1160 58
178 158 6080 304
178 160 12780 639
178 172 3180 159
178 195 580 29
179 6 3200 160
179 9 9520 476
179 54 8660 433
179 57 13500 675
179 77 2400 325
179 78 2400 496
179 102 3880 194
179 144 11500 575
179 180 700 35
179 190 5860 293
179 196 1140 57
180 7 2400 147
180 11 2400 625
180 40 7880 394
180 55 8700 435
180 66 2400 369
180 81 2400 713
180 92 3940 197
180 162 2400 518
180 181 640 32
180 197 1060 53
181 8 2400 285
181 12 12580 629
181 39 5900 295
181 63 3160 158
181 65 5700 285
181 79 9180 459
181 80 12360 618
181 82 2400 698
181 91 2260 113
181 111 1860 93
181 112 2400 272
181 141 840 42
181 142 5860 293
181 160 6560 328
182 23 4320 216
182 32 7380 369
182 35 2400 611
182 51 8480 424
182 69 8340 417
182 124 2400 229
182 126 2400 329
182 132 3960 198
182 136 2400 426
182 139 2400 632
182 146 1900 95
182 148 2400 270
182 149 10600 530
182 165 2400 404
182 167 520 26
182 177 2400 635
182 191 6280 314
182 192 12080 604
182 199 2120 106
183 23 1940 97
183 32 5000 250
183 35 2400 492
183 37 13220 661
183 44 2400 650
183 51 6100 305
183 69 5960 298
183 118 2400 671
183 124 2200 110
183 126 2400 210
183 132 1580 79
183 136 2400 307
183 139 2400 513
183 140 2400 652
183 148 2400 151
183 149 8220 411
183 151 12520 626
183 165 2400 285
183 177 2400 516
183 191 3900 195
183 192 9700 485
184 38 2400 467
184 48 14320 716
184 119 2400 683
184 150 2400 212
184 171 2400 655
184 185 300 15
185 1 2400 655
185 52 480 24
185 107 2400 281
185 130 2400 374
185 134 540 27
185 138 2400 130
185 186 300 15
185 194 2400 387
186 2 2400 669
186 36 2400 205
186 45 6980 349
186 47 9940 497
186 86 1500 75
186 88 14380 719
186 98 12700 635
186 113 8700 435
186 117 2400 227
186 120 13420 671
186 128 3720 186
186 137 340 17
186 155 2400 669
186 170 8660 433
186 176 480 24
186 178 2400 633
186 193 5740 287
187 18 2400 370
187 41 2400 553
187 56 2400 613
187 62 1060 53
187 93 2400 358
187 103 2400 265
187 143 2400 529
187 145 2400 637
187 159 2400 360
187 188 640 32
188 10 9160 458
188 17 1660 83
188 58 13260 663
188 64 2400 209
188 76 300 15
188 90 340 17
188 161 7580 379
188 189 1100 55
189 9 4160 208
189 14 2400 627
189 54 3300 165
189 57 8140 407
189 77 1140 57
189 78 2400 228
189 144 6140 307
189 190 500 25
190 18 720 36
190 41 2400 219
190 56 2400 279
190 93 480 24
190 143 2400 195
190 145 2400 303
190 159 520 26
191 34 2320 116
191 46 2400 551
191 53 2400 202
191 70 2400 174
191 85 2340 117
191 87 2400 248
191 106 5140 257
191 129 7000 350
191 153 2400 613
192 1 2400 478
192 61 14100 705
192 99 11940 597
192 107 2080 104
192 130 2400 197
192 157 2400 643
192 179 2400 707
192 194 2400 210
193 1 2400 283
193 61 10200 510
193 74 2400 595
193 99 8040 402
193 110 11460 573
193 157 2400 448
193 179 2400 512
193 181 2400 649
193 194 300 15
193 197 2400 670
194 0 4240 212
194 3 8020 401
194 5 2400 613
194 16 12660 633
194 60 8680 434
194 71 2400 161
194 72 2400 406
194 75 12040 602
194 101 2400 624
194 109 10140 507
194 116 2400 573
194 141 13520 676
194 152 820 41
194 154 2400 239
194 156 7620 381
194 158 12540 627
194 172 9640 482
194 195 7040 352
195 7 2400 361
195 40 12160 608
195 55 12980 649
195 61 2140 107
195 66 2400 583
195 74 2400 192
195 92 8220 411
195 110 3400 170
195 157 900 45
195 179 2180 109
195 181 2400 246
195 197 2400 267
196 7 2400 125
196 11 2400 603
196 40 7440 372
196 42 14280 714
196 55 8260 413
196 66 2400 347
196 81 2400 691
196 92 3500 175
196 162 2400 496
196 197 620 31
197 8 2400 264
197 12 12160 608
197 39 5480 274
197 63 2740 137
197 65 5280 264
197 79 8760 438
197 80 11940 597
197 82 2400 677
197 91 1840 92
197 111 1440 72
197 112 2400 251
197 141 420 21
197 142 5440 272
197 160 6140 307
198 23 2840 142
198 32 5900 295
198 35 2400 537
198 37 14120 706
198 44 2400 695
198 51 7000 350
198 69 6860 343
198 118 2400 716
198 124 2400 155
198 126 2400 255
198 132 2480 124
198 136 2400 352
198 139 2400 558
198 140 2400 697
198 146 420 21
198 148 2400 196
198 149 9120 456
198 151 13420 671
198 165 2400 330
198 177 2400 561
198 191 4800 240
198 192 10600 530
198 199 640 32
199 36 2400 549
199 45 13860 693
199 50 2400 200
199 84 3540 177
199 86 8380 419
199 104 1480 74
199 117 2400 571
199 125 2400 152
199 127 2400 281
199 128 10600 530
199 135 2400 205
199 137 7220 361
199 176 7360 368
199 184 3020 151
199 193 12620 631
