// The instance basic information 
nbCities:5; nbDepots:2; size:180 180;nbTrips:50;nbCombinedTrips5;planningHorizon:0-1440;maxDriving:540;maxWorking:720
// The number of cities is 
5
// The number of depots is 
2
// The max number of vehicles is 
10
// The max number of drivers is 
10
// The number of trips is 
50
// The minPlanTime is 
15
// The short Time for driver is 
20
// The short Time for vehicle is 
20
// The maximum driving time is 
540
// The maximum working time is 
720
// The cost of using driver is 
4000
// The cost of using vehicle is 
100000
// The cost of driver changeover penalty per change is 
30
// The max percentage of combined trips is  
0.25
// The maxPlanTime is 
720

//Here are the cities: idOfCity 	 nameOfCity 	 coordinateX 	 coordinateY 
0 C0 132 25
1 C1 88 121
2 C2 95 55
3 C3 78 86
4 C4 113 57
//Depots:  
// idOfDepot  	 indexOfDepotAsStartingPoint 	 indexOfDepotAsEndingPoint 	 idCityAsDepot
0 50 52 3
1 51 53 4
//Trips: idOfTrip 	 idOfStartCity 	 idEndCity	 departureTime 	 arrivalTime 	 nbCombinedVehicleInThisTrip
0 4 2 458 476 1
1 2 3 496 531 1
2 3 4 560 605 1
3 4 1 647 715 2
4 1 4 769 837 2
5 4 3 859 904 1
6 3 2 920 955 1
7 2 4 977 995 2
8 4 3 694 739 1
9 3 0 765 846 1
10 0 2 879 926 1
11 4 3 1054 1099 1
12 3 4 1153 1198 1
13 4 1 588 656 1
14 4 1 878 946 1
15 1 4 1005 1073 1
16 3 2 704 739 1
17 2 3 784 819 1
18 3 0 840 921 1
19 0 2 948 995 1
20 2 3 1013 1048 1
21 3 1 1099 1135 1
22 1 3 1188 1224 1
23 4 2 384 402 2
24 2 0 425 472 1
25 0 1 496 601 1
26 1 0 616 721 1
27 0 4 747 784 1
28 4 0 824 861 1
29 0 4 876 913 1
30 4 2 10 28 1
31 2 1 70 136 1
32 1 0 186 291 2
33 0 4 320 357 1
34 2 0 427 474 1
35 0 4 506 543 1
36 3 4 472 517 1
37 1 2 739 805 1
38 2 1 842 908 1
39 1 3 948 984 1
40 3 1 34 70 1
41 0 1 313 418 1
42 1 4 433 501 1
43 4 3 528 573 1
44 4 1 460 528 1
45 1 2 556 622 1
46 2 4 669 687 1
47 3 4 401 446 1
48 4 0 461 498 1
49 0 3 513 594 1
//Vehicles: idOfVehicle idOfStartingDepot nbTrips
0 -1 50
1 -1 50
2 -1 50
3 -1 50
4 -1 50
5 -1 50
6 -1 50
7 -1 50
8 -1 50
9 -1 50
//Drivers :idOfDriver idOfStartingDepot idOfEndingDepot nbTrips
0 -1 50
1 -1 50
2 -1 50
3 -1 50
4 -1 50
5 -1 50
6 -1 50
7 -1 50
8 -1 50
9 -1 50
//Graph arcs for trips can be performed successively: 
// idStartTrip idEndTrip costForVehicle costForDriver
0 1 400 20
0 7 2400 501
0 17 2400 308
0 20 2400 537
0 38 7320 366
0 46 2400 193
1 2 580 29
1 6 7780 389
1 9 4680 234
1 12 2400 622
1 16 3460 173
1 18 6180 309
1 21 11360 568
2 3 840 42
2 5 2400 254
2 8 1780 89
2 11 2400 449
2 14 5460 273
2 28 4380 219
3 4 1080 54
3 15 2400 290
3 22 2400 473
3 37 480 24
3 39 2400 233
4 5 440 22
4 11 2400 217
4 14 820 41
5 6 320 16
5 12 2400 249
5 21 3900 195
6 7 440 22
6 20 1160 58
7 11 1180 59
8 6 3620 181
8 9 520 26
8 12 2400 414
8 18 2020 101
8 21 7200 360
9 10 660 33
9 19 2040 102
9 29 600 30
10 7 1020 51
10 20 1740 87
11 12 1080 54
13 4 2260 113
13 15 2400 349
13 22 2400 532
13 37 1660 83
13 39 2400 292
14 15 1180 59
14 22 2400 242
16 7 2400 238
16 17 900 45
16 20 2400 274
16 38 2060 103
17 6 2020 101
17 12 2400 334
17 18 420 21
17 21 5600 280
18 19 540 27
19 20 360 18
20 12 2100 105
20 21 1020 51
21 22 1060 53
23 1 1880 94
23 7 2400 575
23 17 2400 382
23 20 2400 611
23 24 460 23
23 34 500 25
23 38 8800 440
23 46 2400 267
24 10 8140 407
24 19 9520 476
24 25 480 24
24 27 2400 275
24 29 2400 404
24 35 680 34
24 49 820 41
25 4 2400 168
25 15 2400 404
25 22 2400 587
25 26 300 15
25 37 2760 138
25 39 2400 347
26 10 3160 158
26 19 4540 227
26 27 520 26
26 29 2400 155
27 5 1500 75
27 11 2400 270
27 14 1880 94
27 28 800 40
28 10 360 18
28 19 1740 87
28 29 300 15
29 11 2400 141
30 1 2400 468
30 24 7940 397
30 31 840 42
30 34 7980 399
30 46 2400 641
31 4 2400 633
31 26 9600 480
31 32 1000 50
31 37 12060 603
31 42 2400 297
31 45 8400 420
32 10 11760 588
32 19 13140 657
32 25 4100 205
32 27 2400 456
32 29 2400 585
32 33 580 29
32 35 2400 215
32 41 440 22
32 49 2400 222
33 0 2020 101
33 3 5800 290
33 5 2400 502
33 8 2400 337
33 11 2400 697
33 13 4620 231
33 14 10420 521
33 23 540 27
33 28 9340 467
33 43 2400 171
33 44 2060 103
33 48 2080 104
34 10 8100 405
34 19 9480 474
34 25 440 22
34 27 2400 273
34 29 2400 402
34 35 640 32
34 49 780 39
35 3 2080 104
35 5 2400 316
35 8 2400 151
35 11 2400 511
35 13 900 45
35 14 6700 335
35 28 5620 281
36 3 2600 130
36 5 2400 342
36 8 2400 177
36 11 2400 537
36 13 1420 71
36 14 7220 361
36 28 6140 307
37 7 2400 172
37 20 2400 208
37 38 740 37
38 15 1940 97
38 22 2400 280
38 39 800 40
39 12 2400 169
39 21 2300 115
40 4 2400 699
40 26 10920 546
40 32 2320 116
40 37 13380 669
40 42 2400 363
40 45 9720 486
41 4 2400 351
41 15 2400 587
41 26 3960 198
41 37 6420 321
41 39 2400 530
41 42 300 15
41 45 2760 138
42 3 2920 146
42 5 2400 358
42 8 2400 193
42 11 2400 553
42 13 1740 87
42 14 7540 377
42 28 6460 323
42 43 540 27
43 6 6940 347
43 9 3840 192
43 12 2400 580
43 16 2620 131
43 18 5340 267
43 21 10520 526
44 4 2400 241
44 15 2400 477
44 22 2400 660
44 26 1760 88
44 37 4220 211
44 39 2400 420
44 45 560 28
45 7 2400 355
45 17 2400 162
45 20 2400 391
45 38 4400 220
45 46 940 47
46 5 2400 172
46 11 2400 367
46 14 3820 191
46 28 2740 137
47 3 4020 201
47 5 2400 413
47 8 2400 248
47 11 2400 608
47 13 2840 142
47 14 8640 432
47 28 7560 378
47 43 1640 82
47 48 300 15
48 10 7620 381
48 19 9000 450
48 27 2400 249
48 29 2400 378
48 49 300 15
49 6 6520 326
49 9 3420 171
49 12 2400 559
49 16 2200 110
49 18 4920 246
49 21 10100 505
