// The instance basic information 
nbCities:5; nbDepots:2; size:180 180;nbTrips:100;nbCombinedTrips15;planningHorizon:0-1440;maxDriving:540;maxWorking:720
// The number of cities is 
5
// The number of depots is 
2
// The max number of vehicles is 
20
// The max number of drivers is 
20
// The number of trips is 
100
// The minPlanTime is 
15
// The short Time for driver is 
20
// The short Time for vehicle is 
20
// The maximum driving time is 
540
// The maximum working time is 
720
// The cost of using driver is 
4000
// The cost of using vehicle is 
100000
// The cost of driver changeover penalty per change is 
30
// The max percentage of combined trips is  
0.15
// The maxPlanTime is 
720

//Here are the cities: idOfCity 	 nameOfCity 	 coordinateX 	 coordinateY 
0 C0 132 25
1 C1 88 121
2 C2 95 55
3 C3 78 86
4 C4 113 57
//Depots:  
// idOfDepot  	 indexOfDepotAsStartingPoint 	 indexOfDepotAsEndingPoint 	 idCityAsDepot
0 100 102 3
1 101 103 4
//Trips: idOfTrip 	 idOfStartCity 	 idEndCity	 departureTime 	 arrivalTime 	 nbCombinedVehicleInThisTrip
0 4 2 458 476 1
1 2 3 496 531 1
2 3 4 560 605 2
3 4 1 647 715 2
4 1 4 769 837 2
5 4 3 859 904 1
6 3 2 920 955 1
7 2 4 977 995 2
8 4 3 694 739 1
9 3 0 765 846 1
10 0 2 879 926 2
11 4 3 1054 1099 1
12 3 4 1153 1198 1
13 4 1 588 656 1
14 4 1 878 946 1
15 1 4 1005 1073 1
16 3 2 704 739 2
17 2 3 784 819 1
18 3 0 840 921 1
19 0 2 948 995 1
20 2 3 1013 1048 1
21 3 1 1099 1135 1
22 1 3 1188 1224 1
23 4 2 384 402 2
24 2 0 425 472 1
25 0 1 496 601 1
26 1 0 616 721 1
27 0 4 747 784 2
28 4 0 824 861 1
29 0 4 876 913 1
30 4 2 10 28 1
31 2 1 70 136 1
32 1 0 186 291 2
33 0 4 320 357 2
34 2 0 427 474 1
35 0 4 506 543 1
36 3 4 472 517 2
37 1 2 739 805 1
38 2 1 842 908 1
39 1 3 948 984 2
40 3 1 34 70 1
41 0 1 313 418 1
42 1 4 433 501 1
43 4 3 528 573 1
44 4 1 460 528 1
45 1 2 556 622 1
46 2 4 669 687 1
47 4 0 702 739 1
48 2 4 950 968 1
49 4 2 532 550 1
50 2 3 588 623 2
51 2 1 770 836 2
52 3 4 1018 1063 1
53 3 2 703 738 1
54 1 2 865 931 1
55 2 1 969 1035 1
56 1 3 1067 1103 1
57 3 4 1132 1177 1
58 4 3 1193 1238 1
59 4 2 532 550 1
60 3 0 666 747 1
61 0 1 803 908 1
62 1 3 949 985 1
63 3 4 1007 1052 1
64 4 0 158 195 1
65 4 2 392 410 1
66 2 3 440 475 1
67 4 2 641 659 1
68 2 4 679 697 1
69 4 0 224 261 1
70 0 3 303 384 2
71 4 2 554 572 1
72 2 4 618 636 1
73 4 2 664 682 1
74 2 4 730 748 1
75 3 0 569 650 1
76 4 0 821 858 1
77 0 4 905 942 1
78 4 3 986 1031 1
79 4 2 128 146 1
80 2 0 174 221 1
81 3 1 436 472 1
82 1 0 509 614 1
83 0 4 629 666 1
84 3 1 180 216 1
85 1 3 245 281 1
86 3 0 307 388 1
87 0 1 423 528 1
88 1 2 577 643 1
89 2 3 677 712 1
90 4 1 384 452 1
91 1 0 500 605 1
92 0 3 623 704 1
93 3 0 762 843 1
94 0 4 868 905 1
95 3 4 435 480 1
96 4 1 505 573 1
97 1 3 604 640 1
98 4 2 253 271 1
99 2 4 303 321 1
//Vehicles: idOfVehicle idOfStartingDepot nbTrips
0 -1 100
1 -1 100
2 -1 100
3 -1 100
4 -1 100
5 -1 100
6 -1 100
7 -1 100
8 -1 100
9 -1 100
10 -1 100
11 -1 100
12 -1 100
13 -1 100
14 -1 100
15 -1 100
16 -1 100
17 -1 100
18 -1 100
19 -1 100
//Drivers :idOfDriver idOfStartingDepot idOfEndingDepot nbTrips
0 -1 100
1 -1 100
2 -1 100
3 -1 100
4 -1 100
5 -1 100
6 -1 100
7 -1 100
8 -1 100
9 -1 100
10 -1 100
11 -1 100
12 -1 100
13 -1 100
14 -1 100
15 -1 100
16 -1 100
17 -1 100
18 -1 100
19 -1 100
//Graph arcs for trips can be performed successively: 
// idStartTrip idEndTrip costForVehicle costForDriver
0 1 400 20
0 7 2400 501
0 17 2400 308
0 20 2400 537
0 38 7320 366
0 46 2400 193
0 48 2400 474
0 50 2240 112
0 51 5880 294
0 55 9860 493
0 68 2400 203
0 72 2400 142
0 74 2400 254
0 89 2400 201
1 2 580 29
1 6 7780 389
1 9 4680 234
1 12 2400 622
1 16 3460 173
1 18 6180 309
1 21 11360 568
1 52 2400 487
1 53 3440 172
1 57 2400 601
1 60 2700 135
1 63 2400 476
1 75 760 38
1 93 4620 231
2 3 840 42
2 5 2400 254
2 8 1780 89
2 11 2400 449
2 14 5460 273
2 28 4380 219
2 47 1940 97
2 58 2400 588
2 67 720 36
2 73 1180 59
2 76 4320 216
2 78 2400 381
3 4 1080 54
3 15 2400 290
3 22 2400 473
3 37 480 24
3 39 2400 233
3 54 3000 150
3 56 2400 352
3 62 2400 234
4 5 440 22
4 11 2400 217
4 14 820 41
4 58 2400 356
4 78 2400 149
5 6 320 16
5 12 2400 249
5 21 3900 195
5 52 2280 114
5 57 2400 228
5 63 2060 103
6 7 440 22
6 20 1160 58
7 11 1180 59
7 58 2400 198
8 6 3620 181
8 9 520 26
8 12 2400 414
8 18 2020 101
8 21 7200 360
8 52 2400 279
8 57 2400 393
8 63 2400 268
8 93 460 23
9 10 660 33
9 19 2040 102
9 29 600 30
9 77 1180 59
9 94 440 22
10 7 1020 51
10 20 1740 87
10 48 480 24
10 55 860 43
11 12 1080 54
11 57 660 33
13 4 2260 113
13 15 2400 349
13 22 2400 532
13 37 1660 83
13 39 2400 292
13 54 4180 209
13 56 2400 411
13 62 2400 293
14 15 1180 59
14 22 2400 242
14 56 2400 121
15 58 2400 120
16 7 2400 238
16 17 900 45
16 20 2400 274
16 38 2060 103
16 48 2400 211
16 51 620 31
16 55 4600 230
17 6 2020 101
17 12 2400 334
17 18 420 21
17 21 5600 280
17 52 2400 199
17 57 2400 313
17 63 2400 188
18 19 540 27
19 20 360 18
20 12 2100 105
20 21 1020 51
20 57 1680 84
21 22 1060 53
23 1 1880 94
23 7 2400 575
23 17 2400 382
23 20 2400 611
23 24 460 23
23 34 500 25
23 38 8800 440
23 46 2400 267
23 48 2400 548
23 50 2400 186
23 51 7360 368
23 55 11340 567
23 66 760 38
23 68 2400 277
23 72 2400 216
23 74 2400 328
23 89 2400 275
24 10 8140 407
24 19 9520 476
24 25 480 24
24 27 2400 275
24 29 2400 404
24 35 680 34
24 61 6620 331
24 77 2400 433
24 83 2400 157
24 92 2400 151
24 94 2400 396
25 4 2400 168
25 15 2400 404
25 22 2400 587
25 26 300 15
25 37 2760 138
25 39 2400 347
25 54 5280 264
25 56 2400 466
25 62 2400 348
26 10 3160 158
26 19 4540 227
26 27 520 26
26 29 2400 155
26 61 1640 82
26 77 2400 184
26 94 2400 147
27 5 1500 75
27 11 2400 270
27 14 1880 94
27 28 800 40
27 58 2400 409
27 76 740 37
27 78 2400 202
28 10 360 18
28 19 1740 87
28 29 300 15
28 77 880 44
29 11 2400 141
29 58 2400 280
29 78 1460 73
30 1 2400 468
30 24 7940 397
30 31 840 42
30 34 7980 399
30 46 2400 641
30 50 2400 560
30 66 2400 412
30 68 2400 651
30 72 2400 590
30 74 2400 702
30 80 2920 146
30 89 2400 649
30 99 2400 275
31 4 2400 633
31 26 9600 480
31 32 1000 50
31 37 12060 603
31 42 2400 297
31 45 8400 420
31 82 7460 373
31 85 2180 109
31 88 8820 441
31 91 7280 364
31 97 2400 468
32 10 11760 588
32 19 13140 657
32 25 4100 205
32 27 2400 456
32 29 2400 585
32 33 580 29
32 35 2400 215
32 41 440 22
32 61 10240 512
32 77 2400 614
32 83 2400 338
32 87 2640 132
32 92 2400 332
32 94 2400 577
33 0 2020 101
33 3 5800 290
33 5 2400 502
33 8 2400 337
33 11 2400 697
33 13 4620 231
33 14 10420 521
33 23 540 27
33 28 9340 467
33 43 2400 171
33 44 2060 103
33 47 6900 345
33 49 3500 175
33 59 3500 175
33 65 700 35
33 67 5680 284
33 71 3940 197
33 73 6140 307
33 76 9280 464
33 78 2400 629
33 90 540 27
33 96 2960 148
34 10 8100 405
34 19 9480 474
34 25 440 22
34 27 2400 273
34 29 2400 402
34 35 640 32
34 61 6580 329
34 77 2400 431
34 83 2400 155
34 92 2400 149
34 94 2400 394
35 3 2080 104
35 5 2400 316
35 8 2400 151
35 11 2400 511
35 13 900 45
35 14 6700 335
35 28 5620 281
35 47 3180 159
35 58 2400 650
35 67 1960 98
35 73 2420 121
35 76 5560 278
35 78 2400 443
36 3 2600 130
36 5 2400 342
36 8 2400 177
36 11 2400 537
36 13 1420 71
36 14 7220 361
36 28 6140 307
36 47 3700 185
36 49 300 15
36 58 2400 676
36 59 300 15
36 67 2480 124
36 71 740 37
36 73 2940 147
36 76 6080 304
36 78 2400 469
37 7 2400 172
37 20 2400 208
37 38 740 37
37 48 2400 145
37 55 3280 164
38 15 1940 97
38 22 2400 280
38 39 800 40
38 56 2400 159
38 62 820 41
39 12 2400 169
39 21 2300 115
39 52 680 34
39 57 2400 148
39 63 460 23
40 4 2400 699
40 26 10920 546
40 32 2320 116
40 37 13380 669
40 42 2400 363
40 45 9720 486
40 82 8780 439
40 85 2400 175
40 88 10140 507
40 91 8600 430
40 97 2400 534
41 4 2400 351
41 15 2400 587
41 26 3960 198
41 37 6420 321
41 39 2400 530
41 42 300 15
41 45 2760 138
41 54 8940 447
41 56 2400 649
41 62 2400 531
41 82 1820 91
41 88 3180 159
41 91 1640 82
41 97 2400 186
42 3 2920 146
42 5 2400 358
42 8 2400 193
42 11 2400 553
42 13 1740 87
42 14 7540 377
42 28 6460 323
42 43 540 27
42 47 4020 201
42 49 620 31
42 58 2400 692
42 59 620 31
42 67 2800 140
42 71 1060 53
42 73 3260 163
42 76 6400 320
42 78 2400 485
43 6 6940 347
43 9 3840 192
43 12 2400 580
43 16 2620 131
43 18 5340 267
43 21 10520 526
43 52 2400 445
43 53 2600 130
43 57 2400 559
43 60 1860 93
43 63 2400 434
43 93 3780 189
44 4 2400 241
44 15 2400 477
44 22 2400 660
44 26 1760 88
44 37 4220 211
44 39 2400 420
44 45 560 28
44 54 6740 337
44 56 2400 539
44 62 2400 421
44 88 980 49
44 97 1520 76
45 7 2400 355
45 17 2400 162
45 20 2400 391
45 38 4400 220
45 46 940 47
45 48 2400 328
45 51 2960 148
45 55 6940 347
45 68 1140 57
45 74 2160 108
45 89 1100 55
46 5 2400 172
46 11 2400 367
46 14 3820 191
46 28 2740 137
46 47 300 15
46 58 2400 506
46 76 2680 134
46 78 2400 299
47 10 2800 140
47 19 4180 209
47 29 2400 137
47 61 1280 64
47 77 2400 166
47 94 2400 129
48 11 1720 86
48 58 2400 225
48 78 360 18
49 7 2400 427
49 17 2400 234
49 20 2400 463
49 38 5840 292
49 46 2380 119
49 48 2400 400
49 50 760 38
49 51 4400 220
49 55 8380 419
49 68 2400 129
49 72 1360 68
49 74 2400 180
49 89 2400 127
50 6 5940 297
50 9 2840 142
50 12 2400 530
50 16 1620 81
50 18 4340 217
50 21 9520 476
50 52 2400 395
50 53 1600 80
50 57 2400 509
50 60 860 43
50 63 2400 384
50 93 2780 139
51 15 2400 169
51 22 2400 352
51 39 2240 112
51 54 580 29
51 56 2400 231
51 62 2260 113
52 58 2400 130
53 7 2400 239
53 17 920 46
53 20 2400 275
53 38 2080 104
53 48 2400 212
53 51 640 32
53 55 4620 231
54 7 920 46
54 20 1640 82
54 48 380 19
54 55 760 38
55 22 2400 153
55 56 640 32
56 12 1000 50
56 57 580 29
57 58 320 16
59 7 2400 427
59 17 2400 234
59 20 2400 463
59 38 5840 292
59 46 2380 119
59 48 2400 400
59 50 760 38
59 51 4400 220
59 55 8380 419
59 68 2400 129
59 72 1360 68
59 74 2400 180
59 89 2400 127
60 10 2640 132
60 19 4020 201
60 29 2400 129
60 61 1120 56
60 77 2400 158
60 94 2400 121
61 15 1940 97
61 22 2400 280
61 39 800 40
61 56 2400 159
61 62 820 41
62 12 2400 168
62 21 2280 114
62 52 660 33
62 57 2400 147
62 63 440 22
63 58 2400 141
64 10 13680 684
64 25 6020 301
64 27 2400 552
64 29 2400 681
64 33 2400 125
64 35 2400 311
64 41 2360 118
64 61 12160 608
64 70 2160 108
64 77 2400 710
64 83 2400 434
64 87 4560 228
64 92 2400 428
64 94 2400 673
65 1 1720 86
65 7 2400 567
65 17 2400 374
65 20 2400 603
65 24 300 15
65 34 340 17
65 38 8640 432
65 46 2400 259
65 48 2400 540
65 50 2400 178
65 51 7200 360
65 55 11180 559
65 66 600 30
65 68 2400 269
65 72 2400 208
65 74 2400 320
65 89 2400 267
66 2 1700 85
66 6 8900 445
66 9 5800 290
66 12 2400 678
66 16 4580 229
66 18 7300 365
66 21 12480 624
66 52 2400 543
66 53 4560 228
66 57 2400 657
66 60 3820 191
66 63 2400 532
66 75 1880 94
66 93 5740 287
67 7 2400 318
67 17 2400 125
67 20 2400 354
67 38 3660 183
67 48 2400 291
67 51 2220 111
67 55 6200 310
67 68 400 20
67 74 1420 71
67 89 360 18
68 5 2400 162
68 11 2400 357
68 14 3620 181
68 28 2540 127
68 58 2400 496
68 76 2480 124
68 78 2400 289
69 10 12360 618
69 19 13740 687
69 25 4700 235
69 27 2400 486
69 29 2400 615
69 33 1180 59
69 35 2400 245
69 41 1040 52
69 61 10840 542
69 70 840 42
69 77 2400 644
69 83 2400 368
69 87 3240 162
69 92 2400 362
69 94 2400 607
70 2 2400 176
70 6 10720 536
70 9 7620 381
70 16 6400 320
70 18 9120 456
70 21 14300 715
70 36 1760 88
70 52 2400 634
70 53 6380 319
70 60 5640 282
70 63 2400 623
70 75 3700 185
70 81 1040 52
70 93 7560 378
70 95 1020 51
71 7 2400 405
71 17 2400 212
71 20 2400 441
71 38 5400 270
71 46 1940 97
71 48 2400 378
71 50 320 16
71 51 3960 198
71 55 7940 397
71 68 2140 107
71 72 920 46
71 74 2400 158
71 89 2100 105
72 5 2400 223
72 8 1160 58
72 11 2400 418
72 14 4840 242
72 28 3760 188
72 47 1320 66
72 58 2400 557
72 73 560 28
72 76 3700 185
72 78 2400 350
73 7 2400 295
73 17 2040 102
73 20 2400 331
73 38 3200 160
73 48 2400 268
73 51 1760 88
73 55 5740 287
73 74 960 48
74 5 2220 111
74 11 2400 306
74 14 2600 130
74 28 1520 76
74 58 2400 445
74 76 1460 73
74 78 2400 238
75 10 4580 229
75 19 5960 298
75 27 1940 97
75 29 2400 226
75 61 3060 153
75 77 2400 255
75 94 2400 218
76 10 420 21
76 19 1800 90
76 29 360 18
76 77 940 47
77 11 2240 112
77 58 2400 251
77 78 880 44
78 12 2400 122
78 21 1360 68
78 57 2020 101
79 1 2400 350
79 17 2400 638
79 24 5580 279
79 34 5620 281
79 38 13920 696
79 46 2400 523
79 50 2400 442
79 51 12480 624
79 66 2400 294
79 68 2400 533
79 72 2400 472
79 74 2400 584
79 80 560 28
79 89 2400 531
79 99 2400 157
80 10 13160 658
80 25 5500 275
80 27 2400 526
80 29 2400 655
80 33 1980 99
80 35 2400 285
80 41 1840 92
80 61 11640 582
80 70 1640 82
80 77 2400 684
80 83 2400 408
80 87 4040 202
80 92 2400 402
80 94 2400 647
81 4 2400 297
81 15 2400 533
81 22 2400 716
81 26 2880 144
81 37 5340 267
81 39 2400 476
81 45 1680 84
81 54 7860 393
81 56 2400 595
81 62 2400 477
81 82 740 37
81 88 2100 105
81 91 560 28
81 97 2400 132
82 10 5300 265
82 19 6680 334
82 27 2400 133
82 29 2400 262
82 61 3780 189
82 77 2400 291
82 83 300 15
82 94 2400 254
83 5 2400 193
83 8 560 28
83 11 2400 388
83 14 4240 212
83 28 3160 158
83 47 720 36
83 58 2400 527
83 76 3100 155
83 78 2400 320
84 4 2400 553
84 26 8000 400
84 37 10460 523
84 42 2400 217
84 45 6800 340
84 54 12980 649
84 82 5860 293
84 85 580 29
84 88 7220 361
84 91 5680 284
84 97 2400 388
85 2 2400 279
85 6 12780 639
85 9 9680 484
85 16 8460 423
85 18 11180 559
85 36 2400 191
85 53 8440 422
85 60 7700 385
85 75 5760 288
85 81 3100 155
85 86 520 26
85 93 9620 481
85 95 2400 154
86 10 9820 491
86 19 11200 560
86 25 2160 108
86 27 2400 359
86 29 2400 488
86 35 2360 118
86 61 8300 415
86 77 2400 517
86 83 2400 241
86 87 700 35
86 92 2400 235
86 94 2400 480
87 4 2400 241
87 15 2400 477
87 22 2400 660
87 26 1760 88
87 37 4220 211
87 39 2400 420
87 45 560 28
87 54 6740 337
87 56 2400 539
87 62 2400 421
87 88 980 49
87 97 1520 76
88 7 2400 334
88 17 2400 141
88 20 2400 370
88 38 3980 199
88 46 520 26
88 48 2400 307
88 51 2540 127
88 55 6520 326
88 68 720 36
88 74 1740 87
88 89 680 34
89 6 4160 208
89 9 1060 53
89 12 2400 441
89 18 2560 128
89 21 7740 387
89 52 2400 306
89 57 2400 420
89 63 2400 295
89 93 1000 50
90 4 2400 317
90 15 2400 553
90 26 3280 164
90 37 5740 287
90 39 2400 496
90 45 2080 104
90 54 8260 413
90 56 2400 615
90 62 2400 497
90 82 1140 57
90 88 2500 125
90 91 960 48
90 97 2400 152
91 10 5480 274
91 19 6860 343
91 27 2400 142
91 29 2400 271
91 61 3960 198
91 77 2400 300
91 83 480 24
91 92 360 18
91 94 2400 263
92 6 4320 216
92 9 1220 61
92 12 2400 449
92 18 2720 136
92 21 7900 395
92 52 2400 314
92 57 2400 428
92 63 2400 303
92 93 1160 58
93 10 720 36
93 19 2100 105
93 29 660 33
93 77 1240 62
93 94 500 25
94 11 2400 149
94 58 2400 288
94 78 1620 81
95 3 3340 167
95 5 2400 379
95 8 2400 214
95 11 2400 574
95 13 2160 108
95 14 7960 398
95 28 6880 344
95 43 960 48
95 47 4440 222
95 49 1040 52
95 58 2400 713
95 59 1040 52
95 67 3220 161
95 71 1480 74
95 73 3680 184
95 76 6820 341
95 78 2400 506
95 96 500 25
96 4 2400 196
96 15 2400 432
96 22 2400 615
96 26 860 43
96 37 3320 166
96 39 2400 375
96 54 5840 292
96 56 2400 494
96 62 2400 376
96 97 620 31
97 6 5600 280
97 9 2500 125
97 12 2400 513
97 16 1280 64
97 18 4000 200
97 21 9180 459
97 52 2400 378
97 53 1260 63
97 57 2400 492
97 60 520 26
97 63 2400 367
97 93 2440 122
98 1 2400 225
98 7 2400 706
98 17 2400 513
98 24 3080 154
98 34 3120 156
98 38 11420 571
98 46 2400 398
98 48 2400 679
98 50 2400 317
98 51 9980 499
98 55 13960 698
98 66 2400 169
98 68 2400 408
98 72 2400 347
98 74 2400 459
98 89 2400 406
98 99 640 32
99 0 2740 137
99 3 6520 326
99 5 2400 538
99 8 2400 373
99 13 5340 267
99 14 11140 557
99 23 1260 63
99 28 10060 503
99 43 2400 207
99 44 2780 139
99 47 7620 381
99 49 4220 211
99 59 4220 211
99 65 1420 71
99 67 6400 320
99 71 4660 233
99 73 6860 343
99 76 10000 500
99 78 2400 665
99 90 1260 63
99 96 3680 184
