// The instance basic information 
nbCities:3; nbDepots:2; size:90 90;nbTrips:150;nbCombinedTrips0;maxFolderTimeSlotAsTimeWindow5;planningHorizon:0-1440;maxDriving:540;maxWorking:720
// The number of cities is 
3
// The number of depots is 
2
// The max number of vehicles is 
24
// The max number of drivers is 
24
// The number of trips is 
150
// The minPlanTime is 
15
// The short Time for driver is 
20
// The short Time for vehicle is 
20
// The maximum driving time is 
540
// The maximum working time is 
720
// The cost of using driver is 
4000
// The cost of using vehicle is 
100000
// The idle time cost for driver per unit is 
1
// The idle time cost for vehicle per unit is 
20
// The cost of driver changeover penalty per change is 
30
// The max percentage of combined trips is  
0.0
//The maxFolderOfTimeSlotAsTimeWindow is 
5
// The maxPlanTime is 
720
//The time slot Unit is 
5
//The scale of distance and duration is 
0.99
//The start time of planning horizon
0
//The ending time of planning horizon
1440

//Here are the cities: idOfCity 	 nameOfCity 	 coordinateX 	 coordinateY 
0 C0 80 25
1 C1 78 86
2 C2 45 57
//Depots:  
// idOfDepot  	 indexOfDepotAsStartingPoint 	 indexOfDepotAsEndingPoint 	 idCityAsDepot
0 150 152 1
1 151 153 2
//Trips: idOfTrip 	 idOfStartCity 	 idEndCity	 earliestDepartureTime 	 latestDepartureTime 	 nbCombinedVehicleInThisTrip 	 duration
0 2 1 385 435 1 45
1 1 0 465 515 1 60
2 0 2 575 625 1 45
3 2 0 650 700 1 45
4 0 2 750 800 1 45
5 2 0 815 865 1 45
6 0 2 875 925 1 45
7 1 0 5 55 1 60
8 0 1 80 130 1 60
9 1 2 165 215 1 45
10 2 0 265 315 1 45
11 0 1 365 415 1 60
12 1 2 440 490 1 45
13 2 1 500 550 1 45
14 2 0 120 170 1 45
15 0 1 210 260 1 60
16 1 0 295 345 1 60
17 0 2 385 435 1 45
18 2 0 470 520 1 45
19 0 2 565 615 1 45
20 1 0 130 180 1 60
21 0 1 235 285 1 60
22 1 2 350 400 1 45
23 2 1 445 495 1 45
24 1 2 535 585 1 45
25 2 1 620 670 1 45
26 2 1 560 610 1 45
27 1 0 625 675 1 60
28 0 2 735 785 1 45
29 2 0 805 855 1 45
30 0 1 885 935 1 60
31 1 2 985 1035 1 45
32 2 1 5 55 1 45
33 1 0 105 155 1 60
34 0 2 210 260 1 45
35 2 1 280 330 1 45
36 1 0 370 420 1 60
37 0 2 460 510 1 45
38 2 0 5 55 1 45
39 0 1 75 125 1 60
40 1 0 185 235 1 60
41 0 2 265 315 1 45
42 2 1 350 400 1 45
43 1 0 415 465 1 60
44 0 2 490 540 1 45
45 1 2 175 225 1 45
46 2 1 265 315 1 45
47 1 2 345 395 1 45
48 2 1 445 495 1 45
49 1 0 530 580 1 60
50 0 2 605 655 1 45
51 2 1 665 715 1 45
52 2 0 425 475 1 45
53 0 2 520 570 1 45
54 2 0 600 650 1 45
55 0 1 685 735 1 60
56 1 0 760 810 1 60
57 0 2 845 895 1 45
58 1 0 265 315 1 60
59 0 2 345 395 1 45
60 2 0 415 465 1 45
61 0 2 495 545 1 45
62 2 0 565 615 1 45
63 0 2 650 700 1 45
64 2 1 710 760 1 45
65 1 2 160 210 1 45
66 2 1 230 280 1 45
67 1 0 295 345 1 60
68 0 1 375 425 1 60
69 1 2 450 500 1 45
70 2 1 550 600 1 45
71 2 1 115 165 1 45
72 1 2 190 240 1 45
73 2 1 250 300 1 45
74 1 0 320 370 1 60
75 0 2 420 470 1 45
76 2 0 520 570 1 45
77 0 2 595 645 1 45
78 2 1 230 280 1 45
79 1 2 315 365 1 45
80 2 1 395 445 1 45
81 1 0 455 505 1 60
82 0 1 530 580 1 60
83 1 2 640 690 1 45
84 2 1 285 335 1 45
85 1 0 370 420 1 60
86 0 2 450 500 1 45
87 2 1 515 565 1 45
88 1 0 590 640 1 60
89 0 1 670 720 1 60
90 1 2 755 805 1 45
91 1 0 35 85 1 60
92 0 2 125 175 1 45
93 2 0 190 240 1 45
94 0 2 275 325 1 45
95 2 0 360 410 1 45
96 0 2 420 470 1 45
97 2 1 515 565 1 45
98 2 1 45 95 1 45
99 1 0 140 190 1 60
100 0 1 220 270 1 60
101 1 2 320 370 1 45
102 2 0 395 445 1 45
103 0 2 465 515 1 45
104 2 1 120 170 1 45
105 1 0 195 245 1 60
106 0 1 280 330 1 60
107 1 2 390 440 1 45
108 2 0 485 535 1 45
109 0 2 550 600 1 45
110 2 1 250 300 1 45
111 1 0 335 385 1 60
112 0 1 435 485 1 60
113 1 2 535 585 1 45
114 2 1 610 660 1 45
115 1 0 670 720 1 60
116 0 2 745 795 1 45
117 2 0 355 405 1 45
118 0 1 430 480 1 60
119 1 2 525 575 1 45
120 2 1 595 645 1 45
121 1 2 660 710 1 45
122 2 0 755 805 1 45
123 0 2 815 865 1 45
124 2 0 505 555 1 45
125 0 1 575 625 1 60
126 1 0 680 730 1 60
127 0 2 790 840 1 45
128 2 1 850 900 1 45
129 1 2 910 960 1 45
130 1 0 460 510 1 60
131 0 1 540 590 1 60
132 1 2 630 680 1 45
133 2 0 695 745 1 45
134 0 2 785 835 1 45
135 2 0 860 910 1 45
136 0 1 930 980 1 60
137 2 1 165 215 1 45
138 1 2 250 300 1 45
139 2 0 325 375 1 45
140 0 1 415 465 1 60
141 1 0 515 565 1 60
142 0 2 635 685 1 45
143 1 2 535 585 1 45
144 2 0 635 685 1 45
145 0 1 730 780 1 60
146 1 0 820 870 1 60
147 0 1 895 945 1 60
148 1 2 330 380 1 45
149 2 1 405 455 1 45
//Vehicles: idOfVehicle idOfStartingDepot nbTrips
0 -1 150
1 -1 150
2 -1 150
3 -1 150
4 -1 150
5 -1 150
6 -1 150
7 -1 150
8 -1 150
9 -1 150
10 -1 150
11 -1 150
12 -1 150
13 -1 150
14 -1 150
15 -1 150
16 -1 150
17 -1 150
18 -1 150
19 -1 150
20 -1 150
21 -1 150
22 -1 150
23 -1 150
//Drivers :idOfDriver idOfStartingDepot idOfEndingDepot nbTrips
0 -1 150
1 -1 150
2 -1 150
3 -1 150
4 -1 150
5 -1 150
6 -1 150
7 -1 150
8 -1 150
9 -1 150
10 -1 150
11 -1 150
12 -1 150
13 -1 150
14 -1 150
15 -1 150
16 -1 150
17 -1 150
18 -1 150
19 -1 150
20 -1 150
21 -1 150
22 -1 150
23 -1 150
