// The instance basic information 
nbCities:3; nbDepots:2; size:90 90;nbTrips:150;nbCombinedTrips37;maxFolderTimeSlotAsTimeWindow5;planningHorizon:0-1440;maxDriving:540;maxWorking:720
// The number of cities is 
3
// The number of depots is 
2
// The max number of vehicles is 
34
// The max number of drivers is 
34
// The number of trips is 
150
// The minPlanTime is 
15
// The short Time for driver is 
20
// The short Time for vehicle is 
20
// The maximum driving time is 
540
// The maximum working time is 
720
// The cost of using driver is 
4000
// The cost of using vehicle is 
100000
// The idle time cost for driver per unit is 
1
// The idle time cost for vehicle per unit is 
20
// The cost of driver changeover penalty per change is 
30
// The max percentage of combined trips is  
0.25
//The maxFolderOfTimeSlotAsTimeWindow is 
5
// The maxPlanTime is 
720
//The time slot Unit is 
5
//The scale of distance and duration is 
0.99
//The start time of planning horizon
0
//The ending time of planning horizon
1440

//Here are the cities: idOfCity 	 nameOfCity 	 coordinateX 	 coordinateY 
0 C0 80 25
1 C1 78 86
2 C2 45 57
//Depots:  
// idOfDepot  	 indexOfDepotAsStartingPoint 	 indexOfDepotAsEndingPoint 	 idCityAsDepot
0 150 152 1
1 151 153 2
//Trips: idOfTrip 	 idOfStartCity 	 idEndCity	 earliestDepartureTime 	 latestDepartureTime 	 nbCombinedVehicleInThisTrip 	 duration
0 2 1 385 435 2 45
1 1 0 465 515 1 60
2 0 2 575 625 2 45
3 2 0 650 700 2 45
4 0 2 750 800 1 45
5 2 0 815 865 1 45
6 0 2 875 925 1 45
7 1 0 5 55 1 60
8 0 1 80 130 1 60
9 1 2 165 215 2 45
10 2 0 265 315 1 45
11 0 1 365 415 1 60
12 1 2 440 490 1 45
13 2 1 500 550 1 45
14 2 0 120 170 1 45
15 0 1 210 260 2 60
16 1 0 295 345 1 60
17 0 2 385 435 2 45
18 2 0 470 520 2 45
19 2 0 340 390 1 45
20 0 1 405 455 1 60
21 1 2 495 545 2 45
22 0 2 740 790 2 45
23 1 0 485 535 2 60
24 0 2 595 645 2 45
25 2 1 665 715 1 45
26 1 0 730 780 1 60
27 0 2 845 895 1 45
28 2 0 905 955 1 45
29 0 1 965 1015 1 60
30 2 1 360 410 2 45
31 0 1 565 615 1 60
32 1 0 680 730 2 60
33 0 2 785 835 2 45
34 1 2 470 520 1 45
35 2 1 530 580 1 45
36 0 2 790 840 2 45
37 2 0 875 925 1 45
38 0 1 935 985 1 60
39 2 1 30 80 1 45
40 2 0 250 300 1 45
41 2 0 455 505 1 45
42 0 2 520 570 1 45
43 1 2 605 655 2 45
44 2 1 690 740 2 45
45 1 0 775 825 1 60
46 0 1 855 905 1 60
47 1 0 955 1005 1 60
48 0 1 1040 1090 1 60
49 2 0 430 480 2 45
50 2 1 670 720 2 45
51 1 2 755 805 1 45
52 2 1 815 865 1 45
53 1 2 915 965 2 45
54 1 0 435 485 2 60
55 0 2 550 600 2 45
56 1 2 770 820 2 45
57 2 1 845 895 2 45
58 1 2 450 500 1 45
59 2 1 535 585 1 45
60 2 0 680 730 2 45
61 2 0 855 905 1 45
62 0 1 915 965 1 60
63 1 0 205 255 1 60
64 0 1 285 335 1 60
65 2 0 560 610 1 45
66 0 1 650 700 2 60
67 1 0 460 510 1 60
68 2 0 650 700 2 45
69 2 1 850 900 1 45
70 1 0 230 280 1 60
71 0 2 345 395 2 45
72 0 2 560 610 2 45
73 1 0 540 590 2 60
74 1 2 750 800 1 45
75 1 2 915 965 1 45
76 2 1 975 1025 1 45
77 2 0 70 120 1 45
78 1 2 300 350 2 45
79 1 0 470 520 1 60
80 0 2 545 595 1 45
81 2 0 300 350 1 45
82 0 1 385 435 1 60
83 0 1 625 675 2 60
84 2 0 190 240 1 45
85 2 0 425 475 2 45
86 2 0 555 605 1 45
87 2 0 830 880 2 45
88 0 2 920 970 1 45
89 2 0 985 1035 1 45
90 0 2 1045 1095 1 45
91 1 2 500 550 1 45
92 0 2 755 805 2 45
93 0 1 895 945 1 60
94 1 0 375 425 1 60
95 0 1 460 510 1 60
96 1 0 570 620 1 60
97 2 1 840 890 1 45
98 1 2 235 285 1 45
99 0 2 505 555 1 45
100 2 0 585 635 1 45
101 0 1 645 695 1 60
102 2 1 250 300 1 45
103 0 2 515 565 1 45
104 0 2 720 770 2 45
105 1 2 185 235 1 45
106 1 0 430 480 1 60
107 1 0 530 580 1 60
108 2 1 810 860 2 45
109 2 1 1010 1060 1 45
110 1 0 165 215 1 60
111 0 2 245 295 1 45
112 0 2 515 565 1 45
113 2 0 580 630 1 45
114 0 1 640 690 1 60
115 1 0 5 55 1 60
116 0 1 115 165 1 60
117 2 1 365 415 1 45
118 1 2 435 485 1 45
119 2 1 495 545 1 45
120 1 0 450 500 1 60
121 0 1 530 580 1 60
122 1 0 630 680 1 60
123 0 2 725 775 1 45
124 1 2 880 930 1 45
125 2 1 940 990 1 45
126 2 1 165 215 1 45
127 1 2 250 300 1 45
128 2 0 325 375 1 45
129 0 1 385 435 1 60
130 1 0 480 530 1 60
131 0 2 570 620 1 45
132 1 0 540 590 1 60
133 0 1 650 700 1 60
134 1 0 740 790 1 60
135 0 1 860 910 1 60
136 1 0 935 985 1 60
137 0 1 1015 1065 1 60
138 2 0 155 205 1 45
139 0 1 225 275 1 60
140 1 2 315 365 1 45
141 2 1 380 430 1 45
142 1 0 460 510 1 60
143 0 2 545 595 1 45
144 1 2 80 130 1 45
145 2 0 155 205 1 45
146 0 2 245 295 1 45
147 2 1 310 360 1 45
148 2 1 20 70 1 45
149 1 2 85 135 1 45
//Vehicles: idOfVehicle idOfStartingDepot nbTrips
0 -1 150
1 -1 150
2 -1 150
3 -1 150
4 -1 150
5 -1 150
6 -1 150
7 -1 150
8 -1 150
9 -1 150
10 -1 150
11 -1 150
12 -1 150
13 -1 150
14 -1 150
15 -1 150
16 -1 150
17 -1 150
18 -1 150
19 -1 150
20 -1 150
21 -1 150
22 -1 150
23 -1 150
24 -1 150
25 -1 150
26 -1 150
27 -1 150
28 -1 150
29 -1 150
30 -1 150
31 -1 150
32 -1 150
33 -1 150
//Drivers :idOfDriver idOfStartingDepot idOfEndingDepot nbTrips
0 -1 150
1 -1 150
2 -1 150
3 -1 150
4 -1 150
5 -1 150
6 -1 150
7 -1 150
8 -1 150
9 -1 150
10 -1 150
11 -1 150
12 -1 150
13 -1 150
14 -1 150
15 -1 150
16 -1 150
17 -1 150
18 -1 150
19 -1 150
20 -1 150
21 -1 150
22 -1 150
23 -1 150
24 -1 150
25 -1 150
26 -1 150
27 -1 150
28 -1 150
29 -1 150
30 -1 150
31 -1 150
32 -1 150
33 -1 150
