//Here is the changeover for driver idOfDriver idOfShift idOfFirst(or idOfSecond)Trip
//Here are the total idle time per driver: 165.3846153846154
//Here are the cost 
The total cost is 1397150
The cost for idle time is 45150
The cost for driver ChangOver is 0
//One feasible solution vehicle (Driver): idVehicle(idDriver)  idOfDepot  indexOfDepotAsStartingPoint  idOfTrip startTime indexOfDepotAsEndingPoint
vehicle 0 1 81 0 435 1 515 2 625 3 700 4 800 5 865 6 925 83
vehicle 1 0 80 7 0 8 75 9 160 10 260 11 360 12 435 13 495 82
vehicle 2 1 81 14 525 15 615 16 700 17 790 18 875 19 935 83
vehicle 3 1 81 20 30 21 125 22 210 23 290 24 365 25 440 83
vehicle 4 1 81 26 480 27 545 28 635 29 720 30 800 31 890 83
vehicle 5 1 81 32 250 33 310 34 425 35 530 36 600 37 665 38 740 83
vehicle 6 1 81 39 525 40 595 41 705 42 785 43 870 44 935 45 1010 83
vehicle 7 0 80 46 480 47 565 48 650 49 730 50 830 51 915 82
vehicle 8 0 80 52 270 53 375 54 470 55 550 56 650 82
vehicle 9 0 80 57 705 58 820 59 890 60 965 61 1065 62 1130 63 1190 82
vehicle 10 0 80 64 475 65 550 66 620 67 690 68 755 69 820 70 895 71 965 82
vehicle 11 1 81 72 50 73 145 74 245 75 330 76 430 77 510 83
vehicle 12 0 80 78 550 79 650 82
driver 0 1 81 0 435 1 515 2 625 3 700 4 800 5 865 6 925 83
driver 1 0 80 7 0 8 75 9 160 10 260 11 360 12 435 13 495 82
driver 2 1 81 14 525 15 615 16 700 17 790 18 875 19 935 83
driver 3 1 81 20 30 21 125 22 210 23 290 24 365 25 440 83
driver 4 1 81 26 480 27 545 28 635 29 720 30 800 31 890 83
driver 5 1 81 32 250 33 310 34 425 35 530 36 600 37 665 38 740 83
driver 6 1 81 39 525 40 595 41 705 42 785 43 870 44 935 45 1010 83
driver 7 0 80 46 480 47 565 48 650 49 730 50 830 51 915 82
driver 8 0 80 52 270 53 375 54 470 55 550 56 650 82
driver 9 0 80 57 705 58 820 59 890 60 965 61 1065 62 1130 63 1190 82
driver 10 0 80 64 475 65 550 66 620 67 690 68 755 69 820 70 895 71 965 82
driver 11 1 81 72 50 73 145 74 245 75 330 76 430 77 510 83
driver 12 0 80 78 550 79 650 82
