// The instance basic information 
nbCities:5; nbDepots:2; size:180 180;nbTrips:200;nbCombinedTrips16;planningHorizon:0-1440;maxDriving:540;maxWorking:720
// The number of cities is 
5
// The number of depots is 
2
// The max number of vehicles is 
34
// The max number of drivers is 
34
// The number of trips is 
200
// The minPlanTime is 
15
// The short Time for driver is 
20
// The short Time for vehicle is 
20
// The maximum driving time is 
540
// The maximum working time is 
720
// The cost of using driver is 
4000
// The cost of using vehicle is 
100000
// The cost of driver changeover penalty per change is 
30
// The max percentage of combined trips is  
0.08
// The maxPlanTime is 
720

//Here are the cities: idOfCity 	 nameOfCity 	 coordinateX 	 coordinateY 
0 C0 132 25
1 C1 88 121
2 C2 95 55
3 C3 78 86
4 C4 113 57
//Depots:  
// idOfDepot  	 indexOfDepotAsStartingPoint 	 indexOfDepotAsEndingPoint 	 idCityAsDepot
0 200 202 3
1 201 203 4
//Trips: idOfTrip 	 idOfStartCity 	 idEndCity	 departureTime 	 arrivalTime 	 nbCombinedVehicleInThisTrip
0 4 2 458 476 1
1 2 3 496 531 1
2 3 4 560 605 2
3 4 1 647 715 2
4 1 4 769 837 2
5 4 3 859 904 1
6 3 2 920 955 1
7 2 4 977 995 2
8 4 3 694 739 1
9 3 0 765 846 1
10 0 2 879 926 2
11 4 3 1054 1099 1
12 3 4 1153 1198 1
13 4 1 588 656 1
14 4 1 878 946 1
15 1 4 1005 1073 1
16 3 2 704 739 2
17 2 3 784 819 1
18 3 0 840 921 1
19 0 2 948 995 1
20 2 3 1013 1048 1
21 3 1 1099 1135 1
22 1 3 1188 1224 1
23 4 2 384 402 2
24 2 0 425 472 1
25 0 1 496 601 1
26 1 0 616 721 1
27 0 4 747 784 2
28 4 0 824 861 1
29 0 4 876 913 1
30 4 2 10 28 1
31 2 1 70 136 1
32 1 0 186 291 2
33 0 4 320 357 2
34 2 0 427 474 1
35 0 4 506 543 1
36 3 4 472 517 2
37 1 2 739 805 1
38 2 1 842 908 1
39 1 3 948 984 2
40 3 1 34 70 1
41 0 1 313 418 1
42 1 4 433 501 1
43 4 3 528 573 1
44 4 1 460 528 1
45 1 2 556 622 2
46 2 4 669 687 1
47 4 0 702 739 1
48 2 4 950 968 1
49 4 2 532 550 1
50 2 3 588 623 2
51 2 1 770 836 2
52 3 4 1018 1063 1
53 3 2 703 738 1
54 1 2 865 931 1
55 2 1 969 1035 1
56 1 3 1067 1103 1
57 3 4 1132 1177 1
58 4 3 1193 1238 1
59 4 2 532 550 1
60 3 0 666 747 1
61 0 1 803 908 1
62 1 3 949 985 1
63 3 4 1007 1052 1
64 4 0 158 195 1
65 4 2 392 410 1
66 2 3 440 475 1
67 4 2 641 659 1
68 2 4 679 697 1
69 4 0 224 261 1
70 0 3 303 384 2
71 4 2 554 572 1
72 2 4 618 636 1
73 4 2 664 682 1
74 2 4 730 748 1
75 3 0 569 650 1
76 4 0 821 858 1
77 0 4 905 942 1
78 4 3 986 1031 1
79 4 2 128 146 1
80 2 0 174 221 1
81 3 1 436 472 1
82 2 4 644 662 1
83 3 2 240 275 1
84 2 1 298 364 1
85 1 2 383 449 1
86 2 1 484 550 1
87 1 2 578 644 1
88 2 4 664 682 1
89 4 3 700 745 1
90 4 1 677 745 1
91 1 3 783 819 1
92 3 0 841 922 1
93 0 4 976 1013 1
94 4 1 1063 1131 1
95 1 4 1147 1215 1
96 4 1 172 240 1
97 1 2 297 363 1
98 2 0 393 440 1
99 0 2 455 502 1
100 2 1 546 612 1
101 1 4 631 699 1
102 3 0 664 745 1
103 0 4 787 824 1
104 4 2 863 881 1
105 2 1 924 990 1
106 1 4 1015 1083 1
107 4 2 1101 1119 1
108 2 3 1166 1201 1
109 4 2 435 453 1
110 2 3 483 518 1
111 3 1 548 584 1
112 1 2 624 690 1
113 2 4 714 732 1
114 4 0 778 815 1
115 0 2 860 907 1
116 2 4 938 956 1
117 3 0 414 495 1
118 0 4 516 553 1
119 4 3 574 619 1
120 3 0 636 717 1
121 0 3 762 843 1
122 3 1 860 896 1
123 1 3 916 952 1
124 4 2 629 647 1
125 2 0 678 725 1
126 0 1 766 871 1
127 1 4 918 986 1
128 4 0 1044 1081 1
129 0 4 1120 1157 1
130 4 2 481 499 1
131 2 4 529 547 1
132 4 2 598 616 1
133 2 1 662 728 1
134 1 0 787 892 1
135 0 2 937 984 1
136 2 4 999 1017 1
137 4 1 23 91 1
138 1 2 109 175 1
139 2 4 208 226 1
140 4 0 274 311 1
141 0 2 351 398 1
142 2 0 426 473 1
143 0 4 496 533 1
144 4 1 639 707 1
145 1 2 759 825 1
146 2 3 860 895 1
147 3 0 952 1033 1
148 0 4 1050 1087 1
149 4 2 1112 1130 1
150 2 4 1157 1175 1
151 3 1 24 60 1
152 1 4 113 181 1
153 4 2 228 246 1
154 2 1 269 335 1
155 1 0 353 458 1
156 0 3 482 563 1
157 3 0 603 684 1
158 0 4 735 772 1
159 4 2 814 832 1
160 2 1 887 953 1
161 1 2 1006 1072 1
162 2 3 1097 1132 1
163 3 4 604 649 1
164 4 1 670 738 1
165 1 0 792 897 1
166 0 2 944 991 1
167 2 4 1043 1061 1
168 4 3 1093 1138 1
169 3 0 125 206 1
170 0 4 221 258 1
171 4 1 307 375 1
172 1 4 395 463 1
173 4 3 502 547 1
174 3 1 565 601 1
175 1 3 618 654 1
176 4 1 293 361 1
177 1 3 397 433 1
178 3 0 454 535 1
179 0 4 567 604 1
180 4 0 628 665 1
181 0 4 705 742 1
182 4 2 764 782 1
183 2 4 801 819 1
184 4 3 265 310 1
185 3 0 353 434 1
186 0 1 465 570 1
187 1 4 596 664 1
188 4 0 711 748 1
189 0 4 765 802 1
190 3 4 480 525 1
191 4 0 565 602 1
192 0 3 650 731 1
193 3 4 787 832 1
194 4 2 863 881 1
195 2 4 938 956 1
196 4 3 973 1018 1
197 3 4 621 666 1
198 4 0 681 718 1
199 0 3 733 814 1
//Vehicles: idOfVehicle idOfStartingDepot nbTrips
0 -1 200
1 -1 200
2 -1 200
3 -1 200
4 -1 200
5 -1 200
6 -1 200
7 -1 200
8 -1 200
9 -1 200
10 -1 200
11 -1 200
12 -1 200
13 -1 200
14 -1 200
15 -1 200
16 -1 200
17 -1 200
18 -1 200
19 -1 200
20 -1 200
21 -1 200
22 -1 200
23 -1 200
24 -1 200
25 -1 200
26 -1 200
27 -1 200
28 -1 200
29 -1 200
30 -1 200
31 -1 200
32 -1 200
33 -1 200
//Drivers :idOfDriver idOfStartingDepot idOfEndingDepot nbTrips
0 -1 200
1 -1 200
2 -1 200
3 -1 200
4 -1 200
5 -1 200
6 -1 200
7 -1 200
8 -1 200
9 -1 200
10 -1 200
11 -1 200
12 -1 200
13 -1 200
14 -1 200
15 -1 200
16 -1 200
17 -1 200
18 -1 200
19 -1 200
20 -1 200
21 -1 200
22 -1 200
23 -1 200
24 -1 200
25 -1 200
26 -1 200
27 -1 200
28 -1 200
29 -1 200
30 -1 200
31 -1 200
32 -1 200
33 -1 200
//Graph arcs for trips can be performed successively: 
// idStartTrip idEndTrip costForVehicle costForDriver
0 1 400 20
0 7 2400 501
0 17 2400 308
0 20 2400 537
0 38 7320 366
0 46 2400 193
0 48 2400 474
0 50 2240 112
0 51 5880 294
0 55 9860 493
0 68 2400 203
0 72 2400 142
0 74 2400 254
0 82 2400 168
0 88 2400 188
0 100 1400 70
0 105 8960 448
0 108 2400 690
0 113 2400 238
0 116 2400 462
0 125 4040 202
0 131 1060 53
0 133 3720 186
0 136 2400 523
0 146 2400 384
0 150 2400 681
0 160 8220 411
0 162 2400 621
0 167 2400 567
0 183 2400 325
0 195 2400 462
1 2 580 29
1 6 7780 389
1 9 4680 234
1 12 2400 622
1 16 3460 173
1 18 6180 309
1 21 11360 568
1 52 2400 487
1 53 3440 172
1 57 2400 601
1 60 2700 135
1 63 2400 476
1 75 760 38
1 92 6200 310
1 102 2660 133
1 111 340 17
1 120 2100 105
1 122 6580 329
1 147 8420 421
1 157 1440 72
1 163 1460 73
1 174 680 34
1 193 2400 256
1 197 1800 90
2 3 840 42
2 5 2400 254
2 8 1780 89
2 11 2400 449
2 14 5460 273
2 28 4380 219
2 47 1940 97
2 58 2400 588
2 67 720 36
2 73 1180 59
2 76 4320 216
2 78 2400 381
2 89 1900 95
2 90 1440 72
2 94 9160 458
2 104 5160 258
2 107 9920 496
2 114 3460 173
2 124 480 24
2 128 8780 439
2 144 680 34
2 149 10140 507
2 159 4180 209
2 164 1300 65
2 168 2400 488
2 180 460 23
2 182 3180 159
2 188 2120 106
2 194 5160 258
2 196 2400 368
2 198 1520 76
3 4 1080 54
3 15 2400 290
3 22 2400 473
3 37 480 24
3 39 2400 233
3 54 3000 150
3 56 2400 352
3 62 2400 234
3 91 1360 68
3 95 2400 432
3 106 2400 300
3 123 2400 201
3 127 2400 203
3 134 1440 72
3 145 880 44
3 161 5820 291
3 165 1540 77
4 5 440 22
4 11 2400 217
4 14 820 41
4 58 2400 356
4 78 2400 149
4 94 4520 226
4 104 520 26
4 107 5280 264
4 128 4140 207
4 149 5500 275
4 168 2400 256
4 194 520 26
4 196 2400 136
5 6 320 16
5 12 2400 249
5 21 3900 195
5 52 2280 114
5 57 2400 228
5 63 2060 103
5 147 960 48
6 7 440 22
6 20 1160 58
6 108 2400 211
6 136 880 44
6 150 2400 202
6 162 2400 142
6 167 1760 88
7 11 1180 59
7 58 2400 198
7 94 1360 68
7 107 2120 106
7 128 980 49
7 149 2340 117
7 168 1960 98
8 6 3620 181
8 9 520 26
8 12 2400 414
8 18 2020 101
8 21 7200 360
8 52 2400 279
8 57 2400 393
8 63 2400 268
8 92 2040 102
8 122 2420 121
8 147 4260 213
8 193 960 48
9 10 660 33
9 19 2040 102
9 29 600 30
9 77 1180 59
9 93 2400 130
9 129 2400 274
9 135 1820 91
9 148 2400 204
9 166 1960 98
10 7 1020 51
10 20 1740 87
10 48 480 24
10 55 860 43
10 108 2400 240
10 136 1460 73
10 150 2400 231
10 162 2400 171
10 167 2340 117
11 12 1080 54
11 57 660 33
13 4 2260 113
13 15 2400 349
13 22 2400 532
13 37 1660 83
13 39 2400 292
13 54 4180 209
13 56 2400 411
13 62 2400 293
13 91 2400 127
13 95 2400 491
13 106 2400 359
13 123 2400 260
13 127 2400 262
13 134 2620 131
13 145 2060 103
13 161 7000 350
13 165 2720 136
14 15 1180 59
14 22 2400 242
14 56 2400 121
14 95 2400 201
14 106 1380 69
14 161 1200 60
15 58 2400 120
15 107 560 28
15 149 780 39
15 168 400 20
16 7 2400 238
16 17 900 45
16 20 2400 274
16 38 2060 103
16 48 2400 211
16 51 620 31
16 55 4600 230
16 105 3700 185
16 108 2400 427
16 116 2400 199
16 136 2400 260
16 146 2400 121
16 150 2400 418
16 160 2960 148
16 162 2400 358
16 167 2400 304
16 183 1240 62
16 195 2400 199
17 6 2020 101
17 12 2400 334
17 18 420 21
17 21 5600 280
17 52 2400 199
17 57 2400 313
17 63 2400 188
17 92 440 22
17 122 820 41
17 147 2660 133
18 19 540 27
18 93 1100 55
18 129 2400 199
18 135 320 16
18 148 2400 129
18 166 460 23
19 20 360 18
19 108 2400 171
19 150 2400 162
19 162 2040 102
19 167 960 48
20 12 2100 105
20 21 1020 51
20 57 1680 84
21 22 1060 53
23 1 1880 94
23 7 2400 575
23 17 2400 382
23 20 2400 611
23 24 460 23
23 34 500 25
23 38 8800 440
23 46 2400 267
23 48 2400 548
23 50 2400 186
23 51 7360 368
23 55 11340 567
23 66 760 38
23 68 2400 277
23 72 2400 216
23 74 2400 328
23 82 2400 242
23 86 1640 82
23 88 2400 262
23 100 2880 144
23 105 10440 522
23 110 1620 81
23 113 2400 312
23 116 2400 536
23 125 5520 276
23 131 2400 127
23 133 5200 260
23 136 2400 597
23 142 480 24
23 146 2400 458
23 160 9700 485
23 162 2400 695
23 167 2400 641
23 183 2400 399
23 195 2400 536
24 10 8140 407
24 19 9520 476
24 25 480 24
24 27 2400 275
24 29 2400 404
24 35 680 34
24 61 6620 331
24 77 2400 433
24 93 2400 504
24 103 2400 315
24 115 7760 388
24 118 880 44
24 121 2400 290
24 126 5880 294
24 129 2400 648
24 135 9300 465
24 143 480 24
24 148 2400 578
24 158 2400 263
24 166 9440 472
24 179 1900 95
24 181 2400 233
24 189 2400 293
24 192 2400 178
24 199 2400 261
25 4 2400 168
25 15 2400 404
25 22 2400 587
25 26 300 15
25 37 2760 138
25 39 2400 347
25 54 5280 264
25 56 2400 466
25 62 2400 348
25 91 2400 182
25 95 2400 546
25 101 600 30
25 106 2400 414
25 112 460 23
25 123 2400 315
25 127 2400 317
25 134 3720 186
25 145 3160 158
25 161 8100 405
25 165 3820 191
25 175 340 17
26 10 3160 158
26 19 4540 227
26 27 520 26
26 29 2400 155
26 61 1640 82
26 77 2400 184
26 93 2400 255
26 103 1320 66
26 115 2780 139
26 121 820 41
26 126 900 45
26 129 2400 399
26 135 4320 216
26 148 2400 329
26 166 4460 223
26 189 880 44
27 5 1500 75
27 11 2400 270
27 14 1880 94
27 28 800 40
27 58 2400 409
27 76 740 37
27 78 2400 202
27 94 5580 279
27 104 1580 79
27 107 6340 317
27 128 5200 260
27 149 6560 328
27 159 600 30
27 168 2400 309
27 194 1580 79
27 196 2400 189
28 10 360 18
28 19 1740 87
28 29 300 15
28 77 880 44
28 93 2300 115
28 129 2400 259
28 135 1520 76
28 148 2400 189
28 166 1660 83
29 11 2400 141
29 58 2400 280
29 78 1460 73
29 94 3000 150
29 107 3760 188
29 128 2620 131
29 149 3980 199
29 168 2400 180
29 196 1200 60
30 1 2400 468
30 24 7940 397
30 31 840 42
30 34 7980 399
30 46 2400 641
30 50 2400 560
30 66 2400 412
30 68 2400 651
30 72 2400 590
30 74 2400 702
30 80 2920 146
30 82 2400 616
30 84 5400 270
30 86 9120 456
30 88 2400 636
30 98 7300 365
30 100 10360 518
30 110 2400 455
30 113 2400 686
30 125 13000 650
30 131 2400 501
30 133 12680 634
30 139 2400 180
30 142 7960 398
30 154 4820 241
31 4 2400 633
31 26 9600 480
31 32 1000 50
31 37 12060 603
31 42 2400 297
31 45 8400 420
31 85 4940 247
31 87 8840 442
31 91 2400 647
31 97 3220 161
31 101 2400 495
31 112 9760 488
31 134 13020 651
31 145 12460 623
31 155 4340 217
31 165 13120 656
31 172 2400 259
31 175 2400 482
31 177 2400 261
31 187 2400 460
32 10 11760 588
32 19 13140 657
32 25 4100 205
32 27 2400 456
32 29 2400 585
32 33 580 29
32 35 2400 215
32 41 440 22
32 61 10240 512
32 77 2400 614
32 93 2400 685
32 99 3280 164
32 103 2400 496
32 115 11380 569
32 118 2400 225
32 121 2400 471
32 126 9500 475
32 135 12920 646
32 141 1200 60
32 143 2400 205
32 156 2400 191
32 158 2400 444
32 166 13060 653
32 179 2400 276
32 181 2400 414
32 186 3480 174
32 189 2400 474
32 192 2400 359
32 199 2400 442
33 0 2020 101
33 3 5800 290
33 5 2400 502
33 8 2400 337
33 11 2400 697
33 13 4620 231
33 14 10420 521
33 23 540 27
33 28 9340 467
33 43 2400 171
33 44 2060 103
33 47 6900 345
33 49 3500 175
33 59 3500 175
33 65 700 35
33 67 5680 284
33 71 3940 197
33 73 6140 307
33 76 9280 464
33 78 2400 629
33 89 2400 343
33 90 6400 320
33 94 14120 706
33 104 10120 506
33 109 1560 78
33 114 8420 421
33 119 2400 217
33 124 5440 272
33 128 13740 687
33 130 2480 124
33 132 4820 241
33 144 5640 282
33 159 9140 457
33 164 6260 313
33 173 2400 145
33 180 5420 271
33 182 8140 407
33 188 7080 354
33 191 4160 208
33 194 10120 506
33 196 2400 616
33 198 6480 324
34 10 8100 405
34 19 9480 474
34 25 440 22
34 27 2400 273
34 29 2400 402
34 35 640 32
34 61 6580 329
34 77 2400 431
34 93 2400 502
34 103 2400 313
34 115 7720 386
34 118 840 42
34 121 2400 288
34 126 5840 292
34 129 2400 646
34 135 9260 463
34 143 440 22
34 148 2400 576
34 158 2400 261
34 166 9400 470
34 179 1860 93
34 181 2400 231
34 189 2400 291
34 192 2400 176
34 199 2400 259
35 3 2080 104
35 5 2400 316
35 8 2400 151
35 11 2400 511
35 13 900 45
35 14 6700 335
35 28 5620 281
35 47 3180 159
35 58 2400 650
35 67 1960 98
35 73 2420 121
35 76 5560 278
35 78 2400 443
35 89 2400 157
35 90 2680 134
35 94 10400 520
35 104 6400 320
35 107 11160 558
35 114 4700 235
35 119 620 31
35 124 1720 86
35 128 10020 501
35 132 1100 55
35 144 1920 96
35 149 11380 569
35 159 5420 271
35 164 2540 127
35 168 2400 550
35 180 1700 85
35 182 4420 221
35 188 3360 168
35 191 440 22
35 194 6400 320
35 196 2400 430
35 198 2760 138
36 3 2600 130
36 5 2400 342
36 8 2400 177
36 11 2400 537
36 13 1420 71
36 14 7220 361
36 28 6140 307
36 47 3700 185
36 49 300 15
36 58 2400 676
36 59 300 15
36 67 2480 124
36 71 740 37
36 73 2940 147
36 76 6080 304
36 78 2400 469
36 89 2400 183
36 90 3200 160
36 94 10920 546
36 104 6920 346
36 107 11680 584
36 114 5220 261
36 119 1140 57
36 124 2240 112
36 128 10540 527
36 132 1620 81
36 144 2440 122
36 149 11900 595
36 159 5940 297
36 164 3060 153
36 168 2400 576
36 180 2220 111
36 182 4940 247
36 188 3880 194
36 191 960 48
36 194 6920 346
36 196 2400 456
36 198 3280 164
37 7 2400 172
37 20 2400 208
37 38 740 37
37 48 2400 145
37 55 3280 164
37 105 2380 119
37 108 2400 361
37 116 2400 133
37 136 2400 194
37 146 1100 55
37 150 2400 352
37 160 1640 82
37 162 2400 292
37 167 2400 238
37 195 2400 133
38 15 1940 97
38 22 2400 280
38 39 800 40
38 56 2400 159
38 62 820 41
38 95 2400 239
38 106 2140 107
38 161 1960 98
39 12 2400 169
39 21 2300 115
39 52 680 34
39 57 2400 148
39 63 460 23
40 4 2400 699
40 26 10920 546
40 32 2320 116
40 37 13380 669
40 42 2400 363
40 45 9720 486
40 85 6260 313
40 87 10160 508
40 91 2400 713
40 97 4540 227
40 101 2400 561
40 112 11080 554
40 134 14340 717
40 138 780 39
40 145 13780 689
40 152 860 43
40 155 5660 283
40 172 2400 325
40 175 2400 548
40 177 2400 327
40 187 2400 526
41 4 2400 351
41 15 2400 587
41 26 3960 198
41 37 6420 321
41 39 2400 530
41 42 300 15
41 45 2760 138
41 54 8940 447
41 56 2400 649
41 62 2400 531
41 87 3200 160
41 91 2400 365
41 101 2400 213
41 106 2400 597
41 112 4120 206
41 123 2400 498
41 127 2400 500
41 134 7380 369
41 145 6820 341
41 161 11760 588
41 165 7480 374
41 175 2400 200
41 187 2400 178
42 3 2920 146
42 5 2400 358
42 8 2400 193
42 11 2400 553
42 13 1740 87
42 14 7540 377
42 28 6460 323
42 43 540 27
42 47 4020 201
42 49 620 31
42 58 2400 692
42 59 620 31
42 67 2800 140
42 71 1060 53
42 73 3260 163
42 76 6400 320
42 78 2400 485
42 89 2400 199
42 90 3520 176
42 94 11240 562
42 104 7240 362
42 107 12000 600
42 114 5540 277
42 119 1460 73
42 124 2560 128
42 128 10860 543
42 132 1940 97
42 144 2760 138
42 149 12220 611
42 159 6260 313
42 164 3380 169
42 168 2400 592
42 180 2540 127
42 182 5260 263
42 188 4200 210
42 191 1280 64
42 194 7240 362
42 196 2400 472
42 198 3600 180
43 6 6940 347
43 9 3840 192
43 12 2400 580
43 16 2620 131
43 18 5340 267
43 21 10520 526
43 52 2400 445
43 53 2600 130
43 57 2400 559
43 60 1860 93
43 63 2400 434
43 92 5360 268
43 102 1820 91
43 120 1260 63
43 122 5740 287
43 147 7580 379
43 157 600 30
43 163 620 31
43 193 2400 214
43 197 960 48
44 4 2400 241
44 15 2400 477
44 22 2400 660
44 26 1760 88
44 37 4220 211
44 39 2400 420
44 45 560 28
44 54 6740 337
44 56 2400 539
44 62 2400 421
44 87 1000 50
44 91 2400 255
44 95 2400 619
44 101 2060 103
44 106 2400 487
44 112 1920 96
44 123 2400 388
44 127 2400 390
44 134 5180 259
44 145 4620 231
44 161 9560 478
44 165 5280 264
44 175 1800 90
44 187 1360 68
45 7 2400 355
45 17 2400 162
45 20 2400 391
45 38 4400 220
45 46 940 47
45 48 2400 328
45 51 2960 148
45 55 6940 347
45 68 1140 57
45 74 2160 108
45 82 440 22
45 88 840 42
45 105 6040 302
45 108 2400 544
45 113 1840 92
45 116 2400 316
45 125 1120 56
45 133 800 40
45 136 2400 377
45 146 2400 238
45 150 2400 535
45 160 5300 265
45 162 2400 475
45 167 2400 421
45 183 2400 179
45 195 2400 316
46 5 2400 172
46 11 2400 367
46 14 3820 191
46 28 2740 137
46 47 300 15
46 58 2400 506
46 76 2680 134
46 78 2400 299
46 94 7520 376
46 104 3520 176
46 107 8280 414
46 114 1820 91
46 128 7140 357
46 149 8500 425
46 159 2540 127
46 168 2400 406
46 182 1540 77
46 188 480 24
46 194 3520 176
46 196 2400 286
47 10 2800 140
47 19 4180 209
47 29 2400 137
47 61 1280 64
47 77 2400 166
47 93 2400 237
47 103 960 48
47 115 2420 121
47 121 460 23
47 126 540 27
47 129 2400 381
47 135 3960 198
47 148 2400 311
47 166 4100 205
47 189 520 26
48 11 1720 86
48 58 2400 225
48 78 360 18
48 94 1900 95
48 107 2660 133
48 128 1520 76
48 149 2880 144
48 168 2400 125
49 7 2400 427
49 17 2400 234
49 20 2400 463
49 38 5840 292
49 46 2380 119
49 48 2400 400
49 50 760 38
49 51 4400 220
49 55 8380 419
49 68 2400 129
49 72 1360 68
49 74 2400 180
49 82 1880 94
49 88 2280 114
49 105 7480 374
49 108 2400 616
49 113 2400 164
49 116 2400 388
49 125 2560 128
49 133 2240 112
49 136 2400 449
49 146 2400 310
49 150 2400 607
49 160 6740 337
49 162 2400 547
49 167 2400 493
49 183 2400 251
49 195 2400 388
50 6 5940 297
50 9 2840 142
50 12 2400 530
50 16 1620 81
50 18 4340 217
50 21 9520 476
50 52 2400 395
50 53 1600 80
50 57 2400 509
50 60 860 43
50 63 2400 384
50 92 4360 218
50 102 820 41
50 122 4740 237
50 147 6580 329
50 193 2400 164
51 15 2400 169
51 22 2400 352
51 39 2240 112
51 54 580 29
51 56 2400 231
51 62 2260 113
51 95 2400 311
51 106 2400 179
51 123 1600 80
51 127 1640 82
51 161 3400 170
52 58 2400 130
52 107 760 38
52 149 980 49
52 168 600 30
53 7 2400 239
53 17 920 46
53 20 2400 275
53 38 2080 104
53 48 2400 212
53 51 640 32
53 55 4620 231
53 105 3720 186
53 108 2400 428
53 116 2400 200
53 136 2400 261
53 146 2400 122
53 150 2400 419
53 160 2980 149
53 162 2400 359
53 167 2400 305
53 183 1260 63
53 195 2400 200
54 7 920 46
54 20 1640 82
54 48 380 19
54 55 760 38
54 108 2400 235
54 136 1360 68
54 150 2400 226
54 162 2400 166
54 167 2240 112
55 22 2400 153
55 56 640 32
55 95 2240 112
56 12 1000 50
56 57 580 29
57 58 320 16
59 7 2400 427
59 17 2400 234
59 20 2400 463
59 38 5840 292
59 46 2380 119
59 48 2400 400
59 50 760 38
59 51 4400 220
59 55 8380 419
59 68 2400 129
59 72 1360 68
59 74 2400 180
59 82 1880 94
59 88 2280 114
59 105 7480 374
59 108 2400 616
59 113 2400 164
59 116 2400 388
59 125 2560 128
59 133 2240 112
59 136 2400 449
59 146 2400 310
59 150 2400 607
59 160 6740 337
59 162 2400 547
59 167 2400 493
59 183 2400 251
59 195 2400 388
60 10 2640 132
60 19 4020 201
60 29 2400 129
60 61 1120 56
60 77 2400 158
60 93 2400 229
60 103 800 40
60 115 2260 113
60 121 300 15
60 126 380 19
60 129 2400 373
60 135 3800 190
60 148 2400 303
60 166 3940 197
60 189 360 18
61 15 1940 97
61 22 2400 280
61 39 800 40
61 56 2400 159
61 62 820 41
61 95 2400 239
61 106 2140 107
61 161 1960 98
62 12 2400 168
62 21 2280 114
62 52 660 33
62 57 2400 147
62 63 440 22
63 58 2400 141
63 107 980 49
63 149 1200 60
63 168 820 41
64 10 13680 684
64 25 6020 301
64 27 2400 552
64 29 2400 681
64 33 2400 125
64 35 2400 311
64 41 2360 118
64 61 12160 608
64 70 2160 108
64 77 2400 710
64 99 5200 260
64 103 2400 592
64 115 13300 665
64 118 2400 321
64 121 2400 567
64 126 11420 571
64 141 3120 156
64 143 2400 301
64 156 2400 287
64 158 2400 540
64 170 520 26
64 179 2400 372
64 181 2400 510
64 186 5400 270
64 189 2400 570
64 192 2400 455
64 199 2400 538
65 1 1720 86
65 7 2400 567
65 17 2400 374
65 20 2400 603
65 24 300 15
65 34 340 17
65 38 8640 432
65 46 2400 259
65 48 2400 540
65 50 2400 178
65 51 7200 360
65 55 11180 559
65 66 600 30
65 68 2400 269
65 72 2400 208
65 74 2400 320
65 82 2400 234
65 86 1480 74
65 88 2400 254
65 100 2720 136
65 105 10280 514
65 110 1460 73
65 113 2400 304
65 116 2400 528
65 125 5360 268
65 131 2380 119
65 133 5040 252
65 136 2400 589
65 142 320 16
65 146 2400 450
65 160 9540 477
65 162 2400 687
65 167 2400 633
65 183 2400 391
65 195 2400 528
66 2 1700 85
66 6 8900 445
66 9 5800 290
66 12 2400 678
66 16 4580 229
66 18 7300 365
66 21 12480 624
66 52 2400 543
66 53 4560 228
66 57 2400 657
66 60 3820 191
66 63 2400 532
66 75 1880 94
66 92 7320 366
66 102 3780 189
66 111 1460 73
66 120 3220 161
66 122 7700 385
66 147 9540 477
66 157 2560 128
66 163 2400 129
66 174 1800 90
66 193 2400 312
66 197 2400 146
67 7 2400 318
67 17 2400 125
67 20 2400 354
67 38 3660 183
67 48 2400 291
67 51 2220 111
67 55 6200 310
67 68 400 20
67 74 1420 71
67 105 5300 265
67 108 2400 507
67 113 1100 55
67 116 2400 279
67 125 380 19
67 136 2400 340
67 146 2400 201
67 150 2400 498
67 160 4560 228
67 162 2400 438
67 167 2400 384
67 183 2400 142
67 195 2400 279
68 5 2400 162
68 11 2400 357
68 14 3620 181
68 28 2540 127
68 58 2400 496
68 76 2480 124
68 78 2400 289
68 94 7320 366
68 104 3320 166
68 107 8080 404
68 114 1620 81
68 128 6940 347
68 149 8300 415
68 159 2340 117
68 168 2400 396
68 182 1340 67
68 194 3320 166
68 196 2400 276
69 10 12360 618
69 19 13740 687
69 25 4700 235
69 27 2400 486
69 29 2400 615
69 33 1180 59
69 35 2400 245
69 41 1040 52
69 61 10840 542
69 70 840 42
69 77 2400 644
69 93 2400 715
69 99 3880 194
69 103 2400 526
69 115 11980 599
69 118 2400 255
69 121 2400 501
69 126 10100 505
69 135 13520 676
69 141 1800 90
69 143 2400 235
69 156 2400 221
69 158 2400 474
69 166 13660 683
69 179 2400 306
69 181 2400 444
69 186 4080 204
69 189 2400 504
69 192 2400 389
69 199 2400 472
70 2 2400 176
70 6 10720 536
70 9 7620 381
70 16 6400 320
70 18 9120 456
70 21 14300 715
70 36 1760 88
70 52 2400 634
70 53 6380 319
70 60 5640 282
70 63 2400 623
70 75 3700 185
70 81 1040 52
70 92 9140 457
70 102 5600 280
70 111 3280 164
70 117 600 30
70 120 5040 252
70 122 9520 476
70 147 11360 568
70 157 4380 219
70 163 2400 220
70 174 3620 181
70 178 1400 70
70 190 1920 96
70 193 2400 403
70 197 2400 237
71 7 2400 405
71 17 2400 212
71 20 2400 441
71 38 5400 270
71 46 1940 97
71 48 2400 378
71 50 320 16
71 51 3960 198
71 55 7940 397
71 68 2140 107
71 72 920 46
71 74 2400 158
71 82 1440 72
71 88 1840 92
71 105 7040 352
71 108 2400 594
71 113 2400 142
71 116 2400 366
71 125 2120 106
71 133 1800 90
71 136 2400 427
71 146 2400 288
71 150 2400 585
71 160 6300 315
71 162 2400 525
71 167 2400 471
71 183 2400 229
71 195 2400 366
72 5 2400 223
72 8 1160 58
72 11 2400 418
72 14 4840 242
72 28 3760 188
72 47 1320 66
72 58 2400 557
72 73 560 28
72 76 3700 185
72 78 2400 350
72 89 1280 64
72 90 820 41
72 94 8540 427
72 104 4540 227
72 107 9300 465
72 114 2840 142
72 128 8160 408
72 149 9520 476
72 159 3560 178
72 164 680 34
72 168 2400 457
72 182 2560 128
72 188 1500 75
72 194 4540 227
72 196 2400 337
72 198 900 45
73 7 2400 295
73 17 2040 102
73 20 2400 331
73 38 3200 160
73 48 2400 268
73 51 1760 88
73 55 5740 287
73 74 960 48
73 105 4840 242
73 108 2400 484
73 113 640 32
73 116 2400 256
73 136 2400 317
73 146 2400 178
73 150 2400 475
73 160 4100 205
73 162 2400 415
73 167 2400 361
73 183 2380 119
73 195 2400 256
74 5 2220 111
74 11 2400 306
74 14 2600 130
74 28 1520 76
74 58 2400 445
74 76 1460 73
74 78 2400 238
74 94 6300 315
74 104 2300 115
74 107 7060 353
74 114 600 30
74 128 5920 296
74 149 7280 364
74 159 1320 66
74 168 2400 345
74 182 320 16
74 194 2300 115
74 196 2400 225
75 10 4580 229
75 19 5960 298
75 27 1940 97
75 29 2400 226
75 61 3060 153
75 77 2400 255
75 93 2400 326
75 103 2400 137
75 115 4200 210
75 121 2240 112
75 126 2320 116
75 129 2400 470
75 135 5740 287
75 148 2400 400
75 158 1700 85
75 166 5880 294
75 181 1100 55
75 189 2300 115
75 199 1660 83
76 10 420 21
76 19 1800 90
76 29 360 18
76 77 940 47
76 93 2360 118
76 129 2400 262
76 135 1580 79
76 148 2400 192
76 166 1720 86
77 11 2240 112
77 58 2400 251
77 78 880 44
77 94 2420 121
77 107 3180 159
77 128 2040 102
77 149 3400 170
77 168 2400 151
77 196 620 31
78 12 2400 122
78 21 1360 68
78 57 2020 101
79 1 2400 350
79 17 2400 638
79 24 5580 279
79 34 5620 281
79 38 13920 696
79 46 2400 523
79 50 2400 442
79 51 12480 624
79 66 2400 294
79 68 2400 533
79 72 2400 472
79 74 2400 584
79 80 560 28
79 82 2400 498
79 84 3040 152
79 86 6760 338
79 88 2400 518
79 98 4940 247
79 100 8000 400
79 110 2400 337
79 113 2400 568
79 125 10640 532
79 131 2400 383
79 133 10320 516
79 139 1240 62
79 142 5600 280
79 146 2400 714
79 154 2460 123
79 183 2400 655
80 10 13160 658
80 25 5500 275
80 27 2400 526
80 29 2400 655
80 33 1980 99
80 35 2400 285
80 41 1840 92
80 61 11640 582
80 70 1640 82
80 77 2400 684
80 99 4680 234
80 103 2400 566
80 115 12780 639
80 118 2400 295
80 121 2400 541
80 126 10900 545
80 135 14320 716
80 141 2600 130
80 143 2400 275
80 156 2400 261
80 158 2400 514
80 179 2400 346
80 181 2400 484
80 186 4880 244
80 189 2400 544
80 192 2400 429
80 199 2400 512
81 4 2400 297
81 15 2400 533
81 22 2400 716
81 26 2880 144
81 37 5340 267
81 39 2400 476
81 45 1680 84
81 54 7860 393
81 56 2400 595
81 62 2400 477
81 87 2120 106
81 91 2400 311
81 95 2400 675
81 101 2400 159
81 106 2400 543
81 112 3040 152
81 123 2400 444
81 127 2400 446
81 134 6300 315
81 145 5740 287
81 161 10680 534
81 165 6400 320
81 175 2400 146
81 187 2400 124
82 5 2400 197
82 8 640 32
82 11 2400 392
82 14 4320 216
82 28 3240 162
82 47 800 40
82 58 2400 531
82 76 3180 159
82 78 2400 324
82 89 760 38
82 90 300 15
82 94 8020 401
82 104 4020 201
82 107 8780 439
82 114 2320 116
82 128 7640 382
82 149 9000 450
82 159 3040 152
82 168 2400 431
82 182 2040 102
82 188 980 49
82 194 4020 201
82 196 2400 311
82 198 380 19
83 1 2400 221
83 7 2400 702
83 17 2400 509
83 24 3000 150
83 34 3040 152
83 38 11340 567
83 46 2400 394
83 48 2400 675
83 50 2400 313
83 51 9900 495
83 55 13880 694
83 66 2400 165
83 68 2400 404
83 72 2400 343
83 74 2400 455
83 82 2400 369
83 84 460 23
83 86 4180 209
83 88 2400 389
83 98 2360 118
83 100 5420 271
83 105 12980 649
83 110 2400 208
83 113 2400 439
83 116 2400 663
83 125 8060 403
83 131 2400 254
83 133 7740 387
83 142 3020 151
83 146 2400 585
83 160 12240 612
83 183 2400 526
83 195 2400 663
84 4 2400 405
84 15 2400 641
84 26 5040 252
84 37 7500 375
84 39 2400 584
84 42 1380 69
84 45 3840 192
84 54 10020 501
84 56 2400 703
84 62 2400 585
84 85 380 19
84 87 4280 214
84 91 2400 419
84 101 2400 267
84 106 2400 651
84 112 5200 260
84 123 2400 552
84 127 2400 554
84 134 8460 423
84 145 7900 395
84 161 12840 642
84 165 8560 428
84 172 620 31
84 175 2400 254
84 177 660 33
84 187 2400 232
85 1 940 47
85 7 2400 528
85 17 2400 335
85 20 2400 564
85 38 7860 393
85 46 2400 220
85 48 2400 501
85 50 2400 139
85 51 6420 321
85 55 10400 520
85 68 2400 230
85 72 2400 169
85 74 2400 281
85 82 2400 195
85 86 700 35
85 88 2400 215
85 100 1940 97
85 105 9500 475
85 108 2400 717
85 110 680 34
85 113 2400 265
85 116 2400 489
85 125 4580 229
85 131 1600 80
85 133 4260 213
85 136 2400 550
85 146 2400 411
85 150 2400 708
85 160 8760 438
85 162 2400 648
85 167 2400 594
85 183 2400 352
85 195 2400 489
86 4 2400 219
86 15 2400 455
86 22 2400 638
86 26 1320 66
86 37 3780 189
86 39 2400 398
86 54 6300 315
86 56 2400 517
86 62 2400 399
86 87 560 28
86 91 2400 233
86 95 2400 597
86 101 1620 81
86 106 2400 465
86 112 1480 74
86 123 2400 366
86 127 2400 368
86 134 4740 237
86 145 4180 209
86 161 9120 456
86 165 4840 242
86 175 1360 68
86 187 920 46
87 7 2400 333
87 17 2400 140
87 20 2400 369
87 38 3960 198
87 46 500 25
87 48 2400 306
87 51 2520 126
87 55 6500 325
87 68 700 35
87 74 1720 86
87 88 400 20
87 105 5600 280
87 108 2400 522
87 113 1400 70
87 116 2400 294
87 125 680 34
87 133 360 18
87 136 2400 355
87 146 2400 216
87 150 2400 513
87 160 4860 243
87 162 2400 453
87 167 2400 399
87 183 2400 157
87 195 2400 294
88 5 2400 177
88 11 2400 372
88 14 3920 196
88 28 2840 142
88 47 400 20
88 58 2400 511
88 76 2780 139
88 78 2400 304
88 89 360 18
88 94 7620 381
88 104 3620 181
88 107 8380 419
88 114 1920 96
88 128 7240 362
88 149 8600 430
88 159 2640 132
88 168 2400 411
88 182 1640 82
88 188 580 29
88 194 3620 181
88 196 2400 291
89 6 3500 175
89 9 400 20
89 12 2400 408
89 18 1900 95
89 21 7080 354
89 52 2400 273
89 57 2400 387
89 63 2400 262
89 92 1920 96
89 122 2300 115
89 147 4140 207
89 193 840 42
90 4 480 24
90 15 2400 260
90 22 2400 443
90 39 2400 203
90 54 2400 120
90 56 2400 322
90 62 2400 204
90 91 760 38
90 95 2400 402
90 106 2400 270
90 123 2400 171
90 127 2400 173
90 134 840 42
90 161 5220 261
90 165 940 47
91 6 2020 101
91 12 2400 334
91 18 420 21
91 21 5600 280
91 52 2400 199
91 57 2400 313
91 63 2400 188
91 92 440 22
91 122 820 41
91 147 2660 133
92 19 520 26
92 93 1080 54
92 129 2400 198
92 135 300 15
92 148 2400 128
92 166 440 22
93 11 820 41
93 58 2400 180
93 94 1000 50
93 107 1760 88
93 128 620 31
93 149 1980 99
93 168 1600 80
94 22 1140 57
94 95 320 16
96 4 2400 529
96 26 7520 376
96 37 9980 499
96 39 2400 708
96 42 2400 193
96 45 6320 316
96 54 12500 625
96 62 2400 709
96 85 2860 143
96 87 6760 338
96 91 2400 543
96 97 1140 57
96 101 2400 391
96 112 7680 384
96 123 2400 676
96 127 2400 678
96 134 10940 547
96 145 10380 519
96 155 2260 113
96 165 11040 552
96 172 2400 155
96 175 2400 378
96 177 2400 157
96 187 2400 356
97 1 2400 133
97 7 2400 614
97 17 2400 421
97 20 2400 650
97 24 1240 62
97 34 1280 64
97 38 9580 479
97 46 2400 306
97 48 2400 587
97 50 2400 225
97 51 8140 407
97 55 12120 606
97 66 1540 77
97 68 2400 316
97 72 2400 255
97 74 2400 367
97 82 2400 281
97 86 2420 121
97 88 2400 301
97 98 600 30
97 100 3660 183
97 105 11220 561
97 110 2400 120
97 113 2400 351
97 116 2400 575
97 125 6300 315
97 131 2400 166
97 133 5980 299
97 136 2400 636
97 142 1260 63
97 146 2400 497
97 160 10480 524
97 167 2400 680
97 183 2400 438
97 195 2400 575
98 10 8780 439
98 19 10160 508
98 25 1120 56
98 27 2400 307
98 29 2400 436
98 35 1320 66
98 61 7260 363
98 77 2400 465
98 93 2400 536
98 99 300 15
98 103 2400 347
98 115 8400 420
98 118 1520 76
98 121 2400 322
98 126 6520 326
98 129 2400 680
98 135 9940 497
98 143 1120 56
98 148 2400 610
98 156 840 42
98 158 2400 295
98 166 10080 504
98 179 2400 127
98 181 2400 265
98 186 500 25
98 189 2400 325
98 192 2400 210
98 199 2400 293
99 7 2400 475
99 17 2400 282
99 20 2400 511
99 38 6800 340
99 46 2400 167
99 48 2400 448
99 50 1720 86
99 51 5360 268
99 55 9340 467
99 68 2400 177
99 72 2320 116
99 74 2400 228
99 82 2400 142
99 88 2400 162
99 100 880 44
99 105 8440 422
99 108 2400 664
99 113 2400 212
99 116 2400 436
99 125 3520 176
99 131 540 27
99 133 3200 160
99 136 2400 497
99 146 2400 358
99 150 2400 655
99 160 7700 385
99 162 2400 595
99 167 2400 541
99 183 2400 299
99 195 2400 436
100 4 2400 157
100 15 2400 393
100 22 2400 576
100 37 2540 127
100 39 2400 336
100 54 5060 253
100 56 2400 455
100 62 2400 337
100 91 2400 171
100 95 2400 535
100 101 380 19
100 106 2400 403
100 123 2400 304
100 127 2400 306
100 134 3500 175
100 145 2940 147
100 161 7880 394
100 165 3600 180
101 5 2400 160
101 11 2400 355
101 14 3580 179
101 28 2500 125
101 58 2400 494
101 76 2440 122
101 78 2400 287
101 94 7280 364
101 104 3280 164
101 107 8040 402
101 114 1580 79
101 128 6900 345
101 149 8260 413
101 159 2300 115
101 168 2400 394
101 182 1300 65
101 194 3280 164
101 196 2400 274
102 10 2680 134
102 19 4060 203
102 29 2400 131
102 61 1160 58
102 77 2400 160
102 93 2400 231
102 103 840 42
102 115 2300 115
102 121 340 17
102 126 420 21
102 129 2400 375
102 135 3840 192
102 148 2400 305
102 166 3980 199
102 189 400 20
103 5 700 35
103 11 2400 230
103 14 1080 54
103 58 2400 369
103 78 2400 162
103 94 4780 239
103 104 780 39
103 107 5540 277
103 128 4400 220
103 149 5760 288
103 168 2400 269
103 194 780 39
103 196 2400 149
104 7 1920 96
104 20 2400 132
104 48 1380 69
104 55 1760 88
104 105 860 43
104 108 2400 285
104 116 1140 57
104 136 2360 118
104 150 2400 276
104 162 2400 216
104 167 2400 162
104 195 1140 57
105 15 300 15
105 22 2400 198
105 56 1540 77
105 95 2400 157
105 106 500 25
105 161 320 16
106 58 2200 110
106 107 360 18
106 149 580 29
107 108 940 47
107 150 760 38
109 1 860 43
109 7 2400 524
109 17 2400 331
109 20 2400 560
109 38 7780 389
109 46 2400 216
109 48 2400 497
109 50 2400 135
109 51 6340 317
109 55 10320 516
109 68 2400 226
109 72 2400 165
109 74 2400 277
109 82 2400 191
109 86 620 31
109 88 2400 211
109 100 1860 93
109 105 9420 471
109 108 2400 713
109 110 600 30
109 113 2400 261
109 116 2400 485
109 125 4500 225
109 131 1520 76
109 133 4180 209
109 136 2400 546
109 146 2400 407
109 150 2400 704
109 160 8680 434
109 162 2400 644
109 167 2400 590
109 183 2400 348
109 195 2400 485
110 2 840 42
110 6 8040 402
110 9 4940 247
110 12 2400 635
110 16 3720 186
110 18 6440 322
110 21 11620 581
110 52 2400 500
110 53 3700 185
110 57 2400 614
110 60 2960 148
110 63 2400 489
110 75 1020 51
110 92 6460 323
110 102 2920 146
110 111 600 30
110 120 2360 118
110 122 6840 342
110 147 8680 434
110 157 1700 85
110 163 1720 86
110 174 940 47
110 193 2400 269
110 197 2060 103
111 4 2400 185
111 15 2400 421
111 22 2400 604
111 26 640 32
111 37 3100 155
111 39 2400 364
111 54 5620 281
111 56 2400 483
111 62 2400 365
111 91 2400 199
111 95 2400 563
111 101 940 47
111 106 2400 431
111 112 800 40
111 123 2400 332
111 127 2400 334
111 134 4060 203
111 145 3500 175
111 161 8440 422
111 165 4160 208
111 175 680 34
112 7 2400 287
112 17 1880 94
112 20 2400 323
112 38 3040 152
112 48 2400 260
112 51 1600 80
112 55 5580 279
112 74 800 40
112 105 4680 234
112 108 2400 476
112 113 480 24
112 116 2400 248
112 136 2400 309
112 146 2400 170
112 150 2400 467
112 160 3940 197
112 162 2400 407
112 167 2400 353
112 183 2220 111
112 195 2400 248
113 5 2400 127
113 11 2400 322
113 14 2920 146
113 28 1840 92
113 58 2400 461
113 76 1780 89
113 78 2400 254
113 94 6620 331
113 104 2620 131
113 107 7380 369
113 114 920 46
113 128 6240 312
113 149 7600 380
113 159 1640 82
113 168 2400 361
113 182 640 32
113 194 2620 131
113 196 2400 241
114 10 1280 64
114 19 2660 133
114 29 1220 61
114 77 1800 90
114 93 2400 161
114 115 900 45
114 129 2400 305
114 135 2440 122
114 148 2400 235
114 166 2580 129
115 7 1400 70
115 20 2120 106
115 48 860 43
115 55 1240 62
115 105 340 17
115 108 2400 259
115 116 620 31
115 136 1840 92
115 150 2400 250
115 162 2400 190
115 167 2400 136
115 195 620 31
116 11 1960 98
116 58 2400 237
116 78 600 30
116 94 2140 107
116 107 2900 145
116 128 1760 88
116 149 3120 156
116 168 2400 137
116 196 340 17
117 10 7680 384
117 19 9060 453
117 27 2400 252
117 29 2400 381
117 61 6160 308
117 77 2400 410
117 93 2400 481
117 103 2400 292
117 115 7300 365
117 118 420 21
117 121 2400 267
117 126 5420 271
117 129 2400 625
117 135 8840 442
117 148 2400 555
117 158 2400 240
117 166 8980 449
117 179 1440 72
117 181 2400 210
117 189 2400 270
117 192 2400 155
117 199 2400 238
118 3 1880 94
118 5 2400 306
118 8 2400 141
118 11 2400 501
118 13 700 35
118 14 6500 325
118 28 5420 271
118 47 2980 149
118 58 2400 640
118 67 1760 88
118 73 2220 111
118 76 5360 268
118 78 2400 433
118 89 2400 147
118 90 2480 124
118 94 10200 510
118 104 6200 310
118 107 10960 548
118 114 4500 225
118 119 420 21
118 124 1520 76
118 128 9820 491
118 132 900 45
118 144 1720 86
118 149 11180 559
118 159 5220 261
118 164 2340 117
118 168 2400 540
118 180 1500 75
118 182 4220 211
118 188 3160 158
118 194 6200 310
118 196 2400 420
118 198 2560 128
119 6 6020 301
119 9 2920 146
119 12 2400 534
119 16 1700 85
119 18 4420 221
119 21 9600 480
119 52 2400 399
119 53 1680 84
119 57 2400 513
119 60 940 47
119 63 2400 388
119 92 4440 222
119 102 900 45
119 120 340 17
119 122 4820 241
119 147 6660 333
119 193 2400 168
120 10 3240 162
120 19 4620 231
120 27 600 30
120 29 2400 159
120 61 1720 86
120 77 2400 188
120 93 2400 259
120 103 1400 70
120 115 2860 143
120 121 900 45
120 126 980 49
120 129 2400 403
120 135 4400 220
120 148 2400 333
120 158 360 18
120 166 4540 227
120 189 960 48
120 199 320 16
121 6 1540 77
121 12 2400 310
121 21 5120 256
121 52 2400 175
121 57 2400 289
121 63 2400 164
121 122 340 17
121 147 2180 109
122 15 2180 109
122 22 2400 292
122 39 1040 52
122 56 2400 171
122 62 1060 53
122 95 2400 251
122 106 2380 119
122 123 400 20
122 127 440 22
122 161 2200 110
123 12 2400 201
123 21 2940 147
123 52 1320 66
123 57 2400 180
123 63 1100 55
124 7 2400 330
124 17 2400 137
124 20 2400 366
124 38 3900 195
124 46 440 22
124 48 2400 303
124 51 2460 123
124 55 6440 322
124 68 640 32
124 74 1660 83
124 88 340 17
124 105 5540 277
124 108 2400 519
124 113 1340 67
124 116 2400 291
124 125 620 31
124 133 300 15
124 136 2400 352
124 146 2400 213
124 150 2400 510
124 160 4800 240
124 162 2400 450
124 167 2400 396
124 183 2400 154
124 195 2400 291
125 10 3080 154
125 19 4460 223
125 27 440 22
125 29 2400 151
125 61 1560 78
125 77 2400 180
125 93 2400 251
125 103 1240 62
125 115 2700 135
125 121 740 37
125 126 820 41
125 129 2400 395
125 135 4240 212
125 148 2400 325
125 166 4380 219
125 189 800 40
126 15 2400 134
126 22 2400 317
126 39 1540 77
126 56 2400 196
126 62 1560 78
126 95 2400 276
126 106 2400 144
126 123 900 45
126 127 940 47
126 161 2700 135
127 11 1360 68
127 58 2400 207
127 94 1540 77
127 107 2300 115
127 128 1160 58
127 149 2520 126
127 168 2140 107
128 129 780 39
129 58 720 36
130 7 2400 478
130 17 2400 285
130 20 2400 514
130 38 6860 343
130 46 2400 170
130 48 2400 451
130 50 1780 89
130 51 5420 271
130 55 9400 470
130 68 2400 180
130 72 2380 119
130 74 2400 231
130 82 2400 145
130 88 2400 165
130 100 940 47
130 105 8500 425
130 108 2400 667
130 113 2400 215
130 116 2400 439
130 125 3580 179
130 131 600 30
130 133 3260 163
130 136 2400 500
130 146 2400 361
130 150 2400 658
130 160 7760 388
130 162 2400 598
130 167 2400 544
130 183 2400 302
130 195 2400 439
131 3 2000 100
131 5 2400 312
131 8 2400 147
131 11 2400 507
131 13 820 41
131 14 6620 331
131 28 5540 277
131 47 3100 155
131 58 2400 646
131 67 1880 94
131 73 2340 117
131 76 5480 274
131 78 2400 439
131 89 2400 153
131 90 2600 130
131 94 10320 516
131 104 6320 316
131 107 11080 554
131 114 4620 231
131 119 540 27
131 124 1640 82
131 128 9940 497
131 132 1020 51
131 144 1840 92
131 149 11300 565
131 159 5340 267
131 164 2460 123
131 168 2400 546
131 180 1620 81
131 182 4340 217
131 188 3280 164
131 191 360 18
131 194 6320 316
131 196 2400 426
131 198 2680 134
132 7 2400 361
132 17 2400 168
132 20 2400 397
132 38 4520 226
132 46 1060 53
132 48 2400 334
132 51 3080 154
132 55 7060 353
132 68 1260 63
132 74 2280 114
132 82 560 28
132 88 960 48
132 105 6160 308
132 108 2400 550
132 113 1960 98
132 116 2400 322
132 125 1240 62
132 133 920 46
132 136 2400 383
132 146 2400 244
132 150 2400 541
132 160 5420 271
132 162 2400 481
132 167 2400 427
132 183 2400 185
132 195 2400 322
133 4 820 41
133 15 2400 277
133 22 2400 460
133 39 2400 220
133 54 2740 137
133 56 2400 339
133 62 2400 221
133 91 1100 55
133 95 2400 419
133 106 2400 287
133 123 2400 188
133 127 2400 190
133 134 1180 59
133 145 620 31
133 161 5560 278
133 165 1280 64
134 19 1120 56
134 93 1680 84
134 129 2400 228
134 135 900 45
134 148 2400 158
134 166 1040 52
135 20 580 29
135 108 2400 182
135 136 300 15
135 150 2400 173
135 162 2260 113
135 167 1180 59
136 11 740 37
136 58 2400 176
136 94 920 46
136 107 1680 84
136 128 540 27
136 149 1900 95
136 168 1520 76
137 4 2400 678
137 26 10500 525
137 32 1900 95
137 37 12960 648
137 42 2400 342
137 45 9300 465
137 85 5840 292
137 87 9740 487
137 91 2400 692
137 97 4120 206
137 101 2400 540
137 112 10660 533
137 134 13920 696
137 138 360 18
137 145 13360 668
137 152 440 22
137 155 5240 262
137 165 14020 701
137 172 2400 304
137 175 2400 527
137 177 2400 306
137 187 2400 505
138 1 2400 321
138 17 2400 609
138 24 5000 250
138 34 5040 252
138 38 13340 667
138 46 2400 494
138 50 2400 413
138 51 11900 595
138 66 2400 265
138 68 2400 504
138 72 2400 443
138 74 2400 555
138 82 2400 469
138 84 2460 123
138 86 6180 309
138 88 2400 489
138 98 4360 218
138 100 7420 371
138 110 2400 308
138 113 2400 539
138 125 10060 503
138 131 2400 354
138 133 9740 487
138 139 660 33
138 142 5020 251
138 146 2400 685
138 154 1880 94
138 160 14240 712
138 183 2400 626
139 0 4640 232
139 3 8420 421
139 5 2400 633
139 8 2400 468
139 13 7240 362
139 14 13040 652
139 23 3160 158
139 28 11960 598
139 43 2400 302
139 44 4680 234
139 47 9520 476
139 49 6120 306
139 59 6120 306
139 65 3320 166
139 67 8300 415
139 71 6560 328
139 73 8760 438
139 76 11900 595
139 89 2400 474
139 90 9020 451
139 104 12740 637
139 109 4180 209
139 114 11040 552
139 119 2400 348
139 124 8060 403
139 130 5100 255
139 132 7440 372
139 140 960 48
139 144 8260 413
139 159 11760 588
139 164 8880 444
139 171 1620 81
139 173 2400 276
139 176 1340 67
139 180 8040 402
139 182 10760 538
139 184 780 39
139 188 9700 485
139 191 6780 339
139 194 12740 637
139 198 9100 455
140 10 11360 568
140 19 12740 637
140 25 3700 185
140 27 2400 436
140 29 2400 565
140 35 2400 195
140 61 9840 492
140 77 2400 594
140 93 2400 665
140 99 2880 144
140 103 2400 476
140 115 10980 549
140 118 2400 205
140 121 2400 451
140 126 9100 455
140 135 12520 626
140 141 800 40
140 143 2400 185
140 156 2400 171
140 158 2400 424
140 166 12660 633
140 179 2400 256
140 181 2400 394
140 186 3080 154
140 189 2400 454
140 192 2400 339
140 199 2400 422
141 1 1960 98
141 7 2400 579
141 17 2400 386
141 20 2400 615
141 24 540 27
141 34 580 29
141 38 8880 444
141 46 2400 271
141 48 2400 552
141 50 2400 190
141 51 7440 372
141 55 11420 571
141 66 840 42
141 68 2400 281
141 72 2400 220
141 74 2400 332
141 82 2400 246
141 86 1720 86
141 88 2400 266
141 100 2960 148
141 105 10520 526
141 110 1700 85
141 113 2400 316
141 116 2400 540
141 125 5600 280
141 131 2400 131
141 133 5280 264
141 136 2400 601
141 142 560 28
141 146 2400 462
141 160 9780 489
141 162 2400 699
141 167 2400 645
141 183 2400 403
141 195 2400 540
142 10 8120 406
142 19 9500 475
142 25 460 23
142 27 2400 274
142 29 2400 403
142 35 660 33
142 61 6600 330
142 77 2400 432
142 93 2400 503
142 103 2400 314
142 115 7740 387
142 118 860 43
142 121 2400 289
142 126 5860 293
142 129 2400 647
142 135 9280 464
142 143 460 23
142 148 2400 577
142 158 2400 262
142 166 9420 471
142 179 1880 94
142 181 2400 232
142 189 2400 292
142 192 2400 177
142 199 2400 260
143 3 2280 114
143 5 2400 326
143 8 2400 161
143 11 2400 521
143 13 1100 55
143 14 6900 345
143 28 5820 291
143 47 3380 169
143 58 2400 660
143 67 2160 108
143 71 420 21
143 73 2620 131
143 76 5760 288
143 78 2400 453
143 89 2400 167
143 90 2880 144
143 94 10600 530
143 104 6600 330
143 107 11360 568
143 114 4900 245
143 119 820 41
143 124 1920 96
143 128 10220 511
143 132 1300 65
143 144 2120 106
143 149 11580 579
143 159 5620 281
143 164 2740 137
143 168 2400 560
143 180 1900 95
143 182 4620 231
143 188 3560 178
143 191 640 32
143 194 6600 330
143 196 2400 440
143 198 2960 148
144 4 1240 62
144 15 2400 298
144 22 2400 481
144 37 640 32
144 39 2400 241
144 54 3160 158
144 56 2400 360
144 62 2400 242
144 91 1520 76
144 95 2400 440
144 106 2400 308
144 123 2400 209
144 127 2400 211
144 134 1600 80
144 145 1040 52
144 161 5980 299
144 165 1700 85
145 7 2400 152
145 20 2400 188
145 38 340 17
145 48 2400 125
145 55 2880 144
145 105 1980 99
145 108 2400 341
145 116 2260 113
145 136 2400 174
145 146 700 35
145 150 2400 332
145 160 1240 62
145 162 2400 272
145 167 2400 218
145 195 2260 113
146 6 500 25
146 12 2400 258
146 21 4080 204
146 52 2400 123
146 57 2400 237
146 63 2240 112
146 147 1140 57
147 129 1740 87
147 148 340 17
148 58 2120 106
148 149 500 25
149 108 720 36
149 150 540 27
150 58 360 18
151 4 2400 709
151 26 11120 556
151 32 2520 126
151 37 13580 679
151 42 2400 373
151 45 9920 496
151 85 6460 323
151 87 10360 518
151 97 4740 237
151 101 2400 571
151 112 11280 564
151 138 980 49
151 145 13980 699
151 152 1060 53
151 155 5860 293
151 172 2400 335
151 175 2400 558
151 177 2400 337
151 187 2400 536
152 0 5540 277
152 3 9320 466
152 5 2400 678
152 8 2400 513
152 13 8140 407
152 14 13940 697
152 23 4060 203
152 28 12860 643
152 43 2400 347
152 44 5580 279
152 47 10420 521
152 49 7020 351
152 59 7020 351
152 65 4220 211
152 67 9200 460
152 69 860 43
152 71 7460 373
152 73 9660 483
152 76 12800 640
152 89 2400 519
152 90 9920 496
152 104 13640 682
152 109 5080 254
152 114 11940 597
152 119 2400 393
152 124 8960 448
152 130 6000 300
152 132 8340 417
152 140 1860 93
152 144 9160 458
152 153 940 47
152 159 12660 633
152 164 9780 489
152 171 2520 126
152 173 2400 321
152 176 2240 112
152 180 8940 447
152 182 11660 583
152 184 1680 84
152 188 10600 530
152 191 7680 384
152 194 13640 682
152 198 10000 500
153 1 2400 250
153 17 2400 538
153 24 3580 179
153 34 3620 181
153 38 11920 596
153 46 2400 423
153 48 2400 704
153 50 2400 342
153 51 10480 524
153 66 2400 194
153 68 2400 433
153 72 2400 372
153 74 2400 484
153 82 2400 398
153 84 1040 52
153 86 4760 238
153 88 2400 418
153 98 2940 147
153 100 6000 300
153 105 13560 678
153 110 2400 237
153 113 2400 468
153 116 2400 692
153 125 8640 432
153 131 2400 283
153 133 8320 416
153 142 3600 180
153 146 2400 614
153 154 460 23
153 160 12820 641
153 183 2400 555
153 195 2400 692
154 4 2400 434
154 15 2400 670
154 26 5620 281
154 37 8080 404
154 39 2400 613
154 42 1960 98
154 45 4420 221
154 54 10600 530
154 62 2400 614
154 85 960 48
154 87 4860 243
154 91 2400 448
154 101 2400 296
154 106 2400 680
154 112 5780 289
154 123 2400 581
154 127 2400 583
154 134 9040 452
154 145 8480 424
154 155 360 18
154 161 13420 671
154 165 9140 457
154 172 1200 60
154 175 2400 283
154 177 1240 62
154 187 2400 261
155 10 8420 421
155 19 9800 490
155 25 760 38
155 27 2400 289
155 29 2400 418
155 35 960 48
155 61 6900 345
155 77 2400 447
155 93 2400 518
155 103 2400 329
155 115 8040 402
155 118 1160 58
155 121 2400 304
155 126 6160 308
155 129 2400 662
155 135 9580 479
155 143 760 38
155 148 2400 592
155 156 480 24
155 158 2400 277
155 166 9720 486
155 179 2180 109
155 181 2400 247
155 189 2400 307
155 192 2400 192
155 199 2400 275
156 6 7140 357
156 9 4040 202
156 12 2400 590
156 16 2820 141
156 18 5540 277
156 21 10720 536
156 52 2400 455
156 53 2800 140
156 57 2400 569
156 60 2060 103
156 63 2400 444
156 92 5560 278
156 102 2020 101
156 120 1460 73
156 122 5940 297
156 147 7780 389
156 157 800 40
156 163 820 41
156 193 2400 224
156 197 1160 58
157 10 3900 195
157 19 5280 264
157 27 1260 63
157 29 2400 192
157 61 2380 119
157 77 2400 221
157 93 2400 292
157 103 2060 103
157 115 3520 176
157 121 1560 78
157 126 1640 82
157 129 2400 436
157 135 5060 253
157 148 2400 366
157 158 1020 51
157 166 5200 260
157 181 420 21
157 189 1620 81
157 199 980 49
158 5 1740 87
158 11 2400 282
158 14 2120 106
158 28 1040 52
158 58 2400 421
158 76 980 49
158 78 2400 214
158 94 5820 291
158 104 1820 91
158 107 6580 329
158 128 5440 272
158 149 6800 340
158 159 840 42
158 168 2400 321
158 194 1820 91
158 196 2400 201
159 7 2400 145
159 20 2400 181
159 48 2360 118
159 55 2740 137
159 105 1840 92
159 108 2400 334
159 116 2120 106
159 136 2400 167
159 146 560 28
159 150 2400 325
159 160 1100 55
159 162 2400 265
159 167 2400 211
159 195 2120 106
160 15 1040 52
160 22 2400 235
160 56 2280 114
160 95 2400 194
160 106 1240 62
160 161 1060 53
161 108 1880 94
161 150 1700 85
161 162 500 25
162 12 420 21
163 5 2400 210
163 8 900 45
163 11 2400 405
163 14 4580 229
163 28 3500 175
163 47 1060 53
163 58 2400 544
163 73 300 15
163 76 3440 172
163 78 2400 337
163 89 1020 51
163 90 560 28
163 94 8280 414
163 104 4280 214
163 107 9040 452
163 114 2580 129
163 128 7900 395
163 149 9260 463
163 159 3300 165
163 164 420 21
163 168 2400 444
163 182 2300 115
163 188 1240 62
163 194 4280 214
163 196 2400 324
163 198 640 32
164 4 620 31
164 15 2400 267
164 22 2400 450
164 39 2400 210
164 54 2540 127
164 56 2400 329
164 62 2400 211
164 91 900 45
164 95 2400 409
164 106 2400 277
164 123 2400 178
164 127 2400 180
164 134 980 49
164 145 420 21
164 161 5360 268
164 165 1080 54
165 19 1020 51
165 93 1580 79
165 129 2400 223
165 135 800 40
165 148 2400 153
165 166 940 47
166 20 440 22
166 108 2400 175
166 150 2400 166
166 162 2120 106
166 167 1040 52
167 58 2400 132
167 107 800 40
167 149 1020 51
167 168 640 32
168 12 300 15
169 10 13460 673
169 25 5800 290
169 27 2400 541
169 29 2400 670
169 33 2280 114
169 35 2400 300
169 41 2140 107
169 61 11940 597
169 70 1940 97
169 77 2400 699
169 99 4980 249
169 103 2400 581
169 115 13080 654
169 118 2400 310
169 121 2400 556
169 126 11200 560
169 141 2900 145
169 143 2400 290
169 156 2400 276
169 158 2400 529
169 170 300 15
169 179 2400 361
169 181 2400 499
169 186 5180 259
169 189 2400 559
169 192 2400 444
169 199 2400 527
170 0 4000 200
170 3 7780 389
170 5 2400 601
170 8 2400 436
170 13 6600 330
170 14 12400 620
170 23 2520 126
170 28 11320 566
170 43 2400 270
170 44 4040 202
170 47 8880 444
170 49 5480 274
170 59 5480 274
170 65 2680 134
170 67 7660 383
170 71 5920 296
170 73 8120 406
170 76 11260 563
170 89 2400 442
170 90 8380 419
170 104 12100 605
170 109 3540 177
170 114 10400 520
170 119 2400 316
170 124 7420 371
170 130 4460 223
170 132 6800 340
170 140 320 16
170 144 7620 381
170 159 11120 556
170 164 8240 412
170 171 980 49
170 173 2400 244
170 176 700 35
170 180 7400 370
170 182 10120 506
170 188 9060 453
170 191 6140 307
170 194 12100 605
170 196 2400 715
170 198 8460 423
171 4 2400 394
171 15 2400 630
171 26 4820 241
171 37 7280 364
171 39 2400 573
171 42 1160 58
171 45 3620 181
171 54 9800 490
171 56 2400 692
171 62 2400 574
171 87 4060 203
171 91 2400 408
171 101 2400 256
171 106 2400 640
171 112 4980 249
171 123 2400 541
171 127 2400 543
171 134 8240 412
171 145 7680 384
171 161 12620 631
171 165 8340 417
171 172 400 20
171 175 2400 243
171 177 440 22
171 187 2400 221
172 3 3680 184
172 5 2400 396
172 8 2400 231
172 11 2400 591
172 13 2500 125
172 14 8300 415
172 28 7220 361
172 43 1300 65
172 47 4780 239
172 49 1380 69
172 59 1380 69
172 67 3560 178
172 71 1820 91
172 73 4020 201
172 76 7160 358
172 78 2400 523
172 89 2400 237
172 90 4280 214
172 94 12000 600
172 104 8000 400
172 107 12760 638
172 114 6300 315
172 119 2220 111
172 124 3320 166
172 128 11620 581
172 130 360 18
172 132 2700 135
172 144 3520 176
172 149 12980 649
172 159 7020 351
172 164 4140 207
172 168 2400 630
172 173 780 39
172 180 3300 165
172 182 6020 301
172 188 4960 248
172 191 2040 102
172 194 8000 400
172 196 2400 510
172 198 4360 218
173 6 7460 373
173 9 4360 218
173 12 2400 606
173 16 3140 157
173 18 5860 293
173 21 11040 552
173 52 2400 471
173 53 3120 156
173 57 2400 585
173 60 2380 119
173 63 2400 460
173 75 440 22
173 92 5880 294
173 102 2340 117
173 120 1780 89
173 122 6260 313
173 147 8100 405
173 157 1120 56
173 163 1140 57
173 174 360 18
173 193 2400 240
173 197 1480 74
174 4 2400 168
174 15 2400 404
174 22 2400 587
174 26 300 15
174 37 2760 138
174 39 2400 347
174 54 5280 264
174 56 2400 466
174 62 2400 348
174 91 2400 182
174 95 2400 546
174 101 600 30
174 106 2400 414
174 112 460 23
174 123 2400 315
174 127 2400 317
174 134 3720 186
174 145 3160 158
174 161 8100 405
174 165 3820 191
174 175 340 17
175 6 5320 266
175 9 2220 111
175 12 2400 499
175 16 1000 50
175 18 3720 186
175 21 8900 445
175 52 2400 364
175 53 980 49
175 57 2400 478
175 63 2400 353
175 92 3740 187
175 122 4120 206
175 147 5960 298
175 193 2400 133
176 4 2400 408
176 15 2400 644
176 26 5100 255
176 37 7560 378
176 39 2400 587
176 42 1440 72
176 45 3900 195
176 54 10080 504
176 56 2400 706
176 62 2400 588
176 85 440 22
176 87 4340 217
176 91 2400 422
176 101 2400 270
176 106 2400 654
176 112 5260 263
176 123 2400 555
176 127 2400 557
176 134 8520 426
176 145 7960 398
176 161 12900 645
176 165 8620 431
176 172 680 34
176 175 2400 257
176 177 720 36
176 187 2400 235
177 2 2400 127
177 6 9740 487
177 9 6640 332
177 12 2400 720
177 16 5420 271
177 18 8140 407
177 21 13320 666
177 36 780 39
177 52 2400 585
177 53 5400 270
177 57 2400 699
177 60 4660 233
177 63 2400 574
177 75 2720 136
177 92 8160 408
177 102 4620 231
177 111 2300 115
177 120 4060 203
177 122 8540 427
177 147 10380 519
177 157 3400 170
177 163 2400 171
177 174 2640 132
177 178 420 21
177 190 940 47
177 193 2400 354
177 197 2400 188
178 10 6880 344
178 19 8260 413
178 27 2400 212
178 29 2400 341
178 61 5360 268
178 77 2400 370
178 93 2400 441
178 103 2400 252
178 115 6500 325
178 121 2400 227
178 126 4620 231
178 129 2400 585
178 135 8040 402
178 148 2400 515
178 158 2400 200
178 166 8180 409
178 179 640 32
178 181 2400 170
178 189 2400 230
178 192 2300 115
178 199 2400 198
179 3 860 43
179 5 2400 255
179 8 1800 90
179 11 2400 450
179 14 5480 274
179 28 4400 220
179 47 1960 98
179 58 2400 589
179 67 740 37
179 73 1200 60
179 76 4340 217
179 78 2400 382
179 89 1920 96
179 90 1460 73
179 94 9180 459
179 104 5180 259
179 107 9940 497
179 114 3480 174
179 124 500 25
179 128 8800 440
179 144 700 35
179 149 10160 508
179 159 4200 210
179 164 1320 66
179 168 2400 489
179 180 480 24
179 182 3200 160
179 188 2140 107
179 194 5180 259
179 196 2400 369
179 198 1540 77
180 10 4280 214
180 19 5660 283
180 27 1640 82
180 29 2400 211
180 61 2760 138
180 77 2400 240
180 93 2400 311
180 103 2400 122
180 115 3900 195
180 121 1940 97
180 126 2020 101
180 129 2400 455
180 135 5440 272
180 148 2400 385
180 158 1400 70
180 166 5580 279
180 181 800 40
180 189 2000 100
180 199 1360 68
181 5 2340 117
181 11 2400 312
181 14 2720 136
181 28 1640 82
181 58 2400 451
181 76 1580 79
181 78 2400 244
181 94 6420 321
181 104 2420 121
181 107 7180 359
181 114 720 36
181 128 6040 302
181 149 7400 370
181 159 1440 72
181 168 2400 351
181 182 440 22
181 194 2420 121
181 196 2400 231
182 7 2400 195
182 20 2400 231
182 38 1200 60
182 48 2400 168
182 55 3740 187
182 105 2840 142
182 108 2400 384
182 116 2400 156
182 136 2400 217
182 146 1560 78
182 150 2400 375
182 160 2100 105
182 162 2400 315
182 167 2400 261
182 183 380 19
182 195 2400 156
183 5 800 40
183 11 2400 235
183 14 1180 59
183 58 2400 374
183 78 2400 167
183 94 4880 244
183 104 880 44
183 107 5640 282
183 128 4500 225
183 149 5860 293
183 168 2400 274
183 194 880 44
183 196 2400 154
184 2 2400 250
184 6 12200 610
184 9 9100 455
184 16 7880 394
184 18 10600 530
184 36 2400 162
184 52 2400 708
184 53 7860 393
184 60 7120 356
184 63 2400 697
184 75 5180 259
184 81 2520 126
184 92 10620 531
184 102 7080 354
184 111 4760 238
184 117 2080 104
184 120 6520 326
184 122 11000 550
184 147 12840 642
184 157 5860 293
184 163 2400 294
184 174 5100 255
184 178 2880 144
184 185 860 43
184 190 2400 170
184 193 2400 477
184 197 2400 311
185 10 8900 445
185 19 10280 514
185 25 1240 62
185 27 2400 313
185 29 2400 442
185 35 1440 72
185 61 7380 369
185 77 2400 471
185 93 2400 542
185 99 420 21
185 103 2400 353
185 115 8520 426
185 118 1640 82
185 121 2400 328
185 126 6640 332
185 129 2400 686
185 135 10060 503
185 143 1240 62
185 148 2400 616
185 156 960 48
185 158 2400 301
185 166 10200 510
185 179 2400 133
185 181 2400 271
185 186 620 31
185 189 2400 331
185 192 2400 216
185 199 2400 299
186 4 2400 199
186 15 2400 435
186 22 2400 618
186 26 920 46
186 37 3380 169
186 39 2400 378
186 54 5900 295
186 56 2400 497
186 62 2400 379
186 91 2400 213
186 95 2400 577
186 101 1220 61
186 106 2400 445
186 112 1080 54
186 123 2400 346
186 127 2400 348
186 134 4340 217
186 145 3780 189
186 161 8720 436
186 165 4440 222
186 175 960 48
186 187 520 26
187 5 2400 195
187 8 600 30
187 11 2400 390
187 14 4280 214
187 28 3200 160
187 47 760 38
187 58 2400 529
187 76 3140 157
187 78 2400 322
187 89 720 36
187 94 7980 399
187 104 3980 199
187 107 8740 437
187 114 2280 114
187 128 7600 380
187 149 8960 448
187 159 3000 150
187 168 2400 429
187 182 2000 100
187 188 940 47
187 194 3980 199
187 196 2400 309
187 198 340 17
188 10 2620 131
188 19 4000 200
188 29 2400 128
188 61 1100 55
188 77 2400 157
188 93 2400 228
188 103 780 39
188 115 2240 112
188 126 360 18
188 129 2400 372
188 135 3780 189
188 148 2400 302
188 166 3920 196
188 189 340 17
189 5 1140 57
189 11 2400 252
189 14 1520 76
189 28 440 22
189 58 2400 391
189 76 380 19
189 78 2400 184
189 94 5220 261
189 104 1220 61
189 107 5980 299
189 128 4840 242
189 149 6200 310
189 168 2400 291
189 194 1220 61
189 196 2400 171
190 3 2440 122
190 5 2400 334
190 8 2400 169
190 11 2400 529
190 13 1260 63
190 14 7060 353
190 28 5980 299
190 47 3540 177
190 58 2400 668
190 67 2320 116
190 71 580 29
190 73 2780 139
190 76 5920 296
190 78 2400 461
190 89 2400 175
190 90 3040 152
190 94 10760 538
190 104 6760 338
190 107 11520 576
190 114 5060 253
190 119 980 49
190 124 2080 104
190 128 10380 519
190 132 1460 73
190 144 2280 114
190 149 11740 587
190 159 5780 289
190 164 2900 145
190 168 2400 568
190 180 2060 103
190 182 4780 239
190 188 3720 186
190 191 800 40
190 194 6760 338
190 196 2400 448
190 198 3120 156
191 10 5540 277
191 19 6920 346
191 27 2400 145
191 29 2400 274
191 61 4020 201
191 77 2400 303
191 93 2400 374
191 103 2400 185
191 115 5160 258
191 121 2400 160
191 126 3280 164
191 129 2400 518
191 135 6700 335
191 148 2400 448
191 158 2400 133
191 166 6840 342
191 181 2060 103
191 189 2400 163
191 192 960 48
191 199 2400 131
192 6 3780 189
192 9 680 34
192 12 2400 422
192 18 2180 109
192 21 7360 368
192 52 2400 287
192 57 2400 401
192 63 2400 276
192 92 2200 110
192 122 2580 129
192 147 4420 221
192 193 1120 56
193 5 540 27
193 11 2400 222
193 14 920 46
193 58 2400 361
193 78 2400 154
193 94 4620 231
193 104 620 31
193 107 5380 269
193 128 4240 212
193 149 5600 280
193 168 2400 261
193 194 620 31
193 196 2400 141
194 7 1920 96
194 20 2400 132
194 48 1380 69
194 55 1760 88
194 105 860 43
194 108 2400 285
194 116 1140 57
194 136 2360 118
194 150 2400 276
194 162 2400 216
194 167 2400 162
194 195 1140 57
195 11 1960 98
195 58 2400 237
195 78 600 30
195 94 2140 107
195 107 2900 145
195 128 1760 88
195 149 3120 156
195 168 2400 137
195 196 340 17
196 12 2400 135
196 21 1620 81
196 57 2280 114
197 5 2400 193
197 8 560 28
197 11 2400 388
197 14 4240 212
197 28 3160 158
197 47 720 36
197 58 2400 527
197 76 3100 155
197 78 2400 320
197 89 680 34
197 94 7940 397
197 104 3940 197
197 107 8700 435
197 114 2240 112
197 128 7560 378
197 149 8920 446
197 159 2960 148
197 168 2400 427
197 182 1960 98
197 188 900 45
197 194 3940 197
197 196 2400 307
197 198 300 15
198 10 3220 161
198 19 4600 230
198 27 580 29
198 29 2400 158
198 61 1700 85
198 77 2400 187
198 93 2400 258
198 103 1380 69
198 115 2840 142
198 121 880 44
198 126 960 48
198 129 2400 402
198 135 4380 219
198 148 2400 332
198 158 340 17
198 166 4520 226
198 189 940 47
198 199 300 15
199 6 2120 106
199 12 2400 339
199 18 520 26
199 21 5700 285
199 52 2400 204
199 57 2400 318
199 63 2400 193
199 92 540 27
199 122 920 46
199 147 2760 138
