// The instance basic information 
nbCities:5; nbDepots:2; size:180 180;nbTrips:200;nbCombinedTrips30;planningHorizon:0-1440;maxDriving:540;maxWorking:720
// The number of cities is 
5
// The number of depots is 
2
// The max number of vehicles is 
37
// The max number of drivers is 
37
// The number of trips is 
200
// The minPlanTime is 
15
// The short Time for driver is 
20
// The short Time for vehicle is 
20
// The maximum driving time is 
540
// The maximum working time is 
720
// The cost of using driver is 
4000
// The cost of using vehicle is 
100000
// The cost of driver changeover penalty per change is 
30
// The max percentage of combined trips is  
0.15
// The maxPlanTime is 
720

//Here are the cities: idOfCity 	 nameOfCity 	 coordinateX 	 coordinateY 
0 C0 132 25
1 C1 88 121
2 C2 95 55
3 C3 78 86
4 C4 113 57
//Depots:  
// idOfDepot  	 indexOfDepotAsStartingPoint 	 indexOfDepotAsEndingPoint 	 idCityAsDepot
0 200 202 3
1 201 203 4
//Trips: idOfTrip 	 idOfStartCity 	 idEndCity	 departureTime 	 arrivalTime 	 nbCombinedVehicleInThisTrip
0 4 2 458 476 1
1 2 3 496 531 1
2 3 4 560 605 2
3 4 1 647 715 2
4 1 4 769 837 2
5 4 3 859 904 1
6 3 2 920 955 1
7 2 4 977 995 2
8 4 3 694 739 1
9 3 0 765 846 1
10 0 2 879 926 2
11 4 3 1054 1099 1
12 3 4 1153 1198 1
13 4 1 588 656 1
14 4 1 878 946 2
15 1 4 1005 1073 1
16 3 2 704 739 2
17 2 3 784 819 1
18 3 0 840 921 1
19 0 2 948 995 1
20 2 3 1013 1048 1
21 3 1 1099 1135 1
22 1 3 1188 1224 1
23 4 2 384 402 2
24 2 0 425 472 2
25 0 1 496 601 1
26 1 0 616 721 1
27 0 4 747 784 2
28 4 0 824 861 1
29 0 4 876 913 1
30 4 2 10 28 1
31 2 1 70 136 2
32 1 0 186 291 2
33 0 4 320 357 2
34 2 0 427 474 1
35 0 4 506 543 1
36 3 4 472 517 2
37 1 2 739 805 2
38 2 1 842 908 1
39 1 3 948 984 2
40 3 1 34 70 1
41 0 1 313 418 1
42 1 4 433 501 1
43 4 3 528 573 1
44 4 1 460 528 1
45 1 2 556 622 2
46 2 4 669 687 1
47 4 0 702 739 1
48 2 4 950 968 1
49 4 2 532 550 1
50 2 3 588 623 2
51 2 1 770 836 2
52 3 4 1018 1063 1
53 3 2 703 738 2
54 1 2 865 931 2
55 2 1 969 1035 1
56 1 3 1067 1103 1
57 3 4 1132 1177 1
58 4 3 1193 1238 1
59 4 2 532 550 1
60 3 0 666 747 1
61 0 1 803 908 1
62 1 3 949 985 2
63 3 4 1007 1052 1
64 4 0 158 195 1
65 4 2 392 410 2
66 2 3 440 475 1
67 4 2 641 659 1
68 2 4 679 697 1
69 4 0 224 261 2
70 0 3 303 384 2
71 4 2 554 572 1
72 2 4 618 636 1
73 4 2 664 682 1
74 2 4 730 748 1
75 3 0 569 650 1
76 4 0 821 858 1
77 0 4 905 942 1
78 4 3 986 1031 1
79 4 2 128 146 1
80 2 0 174 221 1
81 3 1 436 472 1
82 2 4 644 662 2
83 3 2 240 275 2
84 0 1 521 626 1
85 1 2 646 712 1
86 2 3 730 765 1
87 3 4 94 139 1
88 0 1 313 418 1
89 1 3 457 493 1
90 3 1 536 572 1
91 1 3 587 623 1
92 4 3 629 674 1
93 2 4 759 777 1
94 1 3 990 1026 1
95 3 1 1045 1081 1
96 1 4 1099 1167 1
97 4 2 13 31 1
98 1 3 183 219 1
99 2 4 298 316 2
100 2 3 434 469 1
101 3 4 500 545 2
102 3 1 450 486 1
103 1 0 511 616 1
104 0 1 635 740 1
105 2 3 953 988 1
106 4 1 600 668 1
107 2 1 843 909 2
108 3 1 1014 1050 1
109 1 4 1066 1134 1
110 4 2 152 170 1
111 4 3 355 400 1
112 4 2 575 593 1
113 3 1 660 696 1
114 1 2 715 781 1
115 1 3 956 992 1
116 3 1 1018 1054 1
117 1 4 1071 1139 1
118 4 3 1154 1199 1
119 4 0 269 306 1
120 0 1 347 452 1
121 1 4 499 567 1
122 4 0 625 662 1
123 0 4 708 745 1
124 4 2 481 499 1
125 2 4 529 547 1
126 4 2 598 616 1
127 2 1 662 728 1
128 1 0 787 892 1
129 0 2 937 984 1
130 2 4 999 1017 1
131 4 1 23 91 1
132 1 2 109 175 1
133 2 4 208 226 1
134 4 0 274 311 1
135 0 2 351 398 1
136 2 0 426 473 1
137 0 4 496 533 1
138 4 1 639 707 1
139 1 2 759 825 1
140 2 3 860 895 1
141 3 0 952 1033 1
142 0 4 1050 1087 1
143 4 2 1112 1130 1
144 2 4 1157 1175 1
145 3 1 24 60 1
146 1 4 113 181 1
147 4 2 228 246 1
148 2 1 269 335 1
149 1 0 353 458 1
150 0 3 482 563 1
151 3 0 603 684 1
152 0 4 735 772 1
153 4 2 814 832 1
154 2 1 887 953 1
155 1 2 1006 1072 1
156 2 3 1097 1132 1
157 3 4 604 649 1
158 4 1 670 738 1
159 1 0 792 897 1
160 0 2 944 991 1
161 2 4 1043 1061 1
162 4 3 1093 1138 1
163 3 0 125 206 1
164 0 4 221 258 1
165 4 1 307 375 1
166 1 4 395 463 1
167 4 3 502 547 1
168 3 1 565 601 1
169 1 3 618 654 1
170 4 1 293 361 1
171 1 3 397 433 1
172 3 0 454 535 1
173 0 4 567 604 1
174 4 0 628 665 1
175 0 4 705 742 1
176 4 2 764 782 1
177 2 4 801 819 1
178 4 3 265 310 1
179 3 0 353 434 1
180 0 1 465 570 1
181 1 4 596 664 1
182 4 0 711 748 1
183 0 4 765 802 1
184 3 4 480 525 1
185 4 0 565 602 1
186 0 3 650 731 1
187 3 4 787 832 1
188 4 2 863 881 1
189 2 4 938 956 1
190 4 3 973 1018 1
191 3 1 121 157 1
192 1 4 198 266 1
193 4 1 297 365 1
194 1 4 414 482 1
195 4 0 520 557 1
196 0 3 575 656 1
197 4 3 42 87 1
198 3 0 102 183 1
199 0 4 198 235 1
//Vehicles: idOfVehicle idOfStartingDepot nbTrips
0 -1 200
1 -1 200
2 -1 200
3 -1 200
4 -1 200
5 -1 200
6 -1 200
7 -1 200
8 -1 200
9 -1 200
10 -1 200
11 -1 200
12 -1 200
13 -1 200
14 -1 200
15 -1 200
16 -1 200
17 -1 200
18 -1 200
19 -1 200
20 -1 200
21 -1 200
22 -1 200
23 -1 200
24 -1 200
25 -1 200
26 -1 200
27 -1 200
28 -1 200
29 -1 200
30 -1 200
31 -1 200
32 -1 200
33 -1 200
34 -1 200
35 -1 200
36 -1 200
//Drivers :idOfDriver idOfStartingDepot idOfEndingDepot nbTrips
0 -1 200
1 -1 200
2 -1 200
3 -1 200
4 -1 200
5 -1 200
6 -1 200
7 -1 200
8 -1 200
9 -1 200
10 -1 200
11 -1 200
12 -1 200
13 -1 200
14 -1 200
15 -1 200
16 -1 200
17 -1 200
18 -1 200
19 -1 200
20 -1 200
21 -1 200
22 -1 200
23 -1 200
24 -1 200
25 -1 200
26 -1 200
27 -1 200
28 -1 200
29 -1 200
30 -1 200
31 -1 200
32 -1 200
33 -1 200
34 -1 200
35 -1 200
36 -1 200
//Graph arcs for trips can be performed successively: 
// idStartTrip idEndTrip costForVehicle costForDriver
0 1 400 20
0 7 2400 501
0 17 2400 308
0 20 2400 537
0 38 7320 366
0 46 2400 193
0 48 2400 474
0 50 2240 112
0 51 5880 294
0 55 9860 493
0 68 2400 203
0 72 2400 142
0 74 2400 254
0 82 2400 168
0 86 2400 254
0 93 2400 283
0 105 2400 477
0 107 7340 367
0 125 1060 53
0 127 3720 186
0 130 2400 523
0 140 2400 384
0 144 2400 681
0 154 8220 411
0 156 2400 621
0 161 2400 567
0 177 2400 325
0 189 2400 462
1 2 580 29
1 6 7780 389
1 9 4680 234
1 12 2400 622
1 16 3460 173
1 18 6180 309
1 21 11360 568
1 52 2400 487
1 53 3440 172
1 57 2400 601
1 60 2700 135
1 63 2400 476
1 75 760 38
1 95 10280 514
1 108 9660 483
1 113 2580 129
1 116 9740 487
1 141 8420 421
1 151 1440 72
1 157 1460 73
1 168 680 34
1 187 2400 256
2 3 840 42
2 5 2400 254
2 8 1780 89
2 11 2400 449
2 14 5460 273
2 28 4380 219
2 47 1940 97
2 58 2400 588
2 67 720 36
2 73 1180 59
2 76 4320 216
2 78 2400 381
2 92 480 24
2 118 2400 549
2 122 400 20
2 138 680 34
2 143 10140 507
2 153 4180 209
2 158 1300 65
2 162 2400 488
2 174 460 23
2 176 3180 159
2 182 2120 106
2 188 5160 258
2 190 2400 368
3 4 1080 54
3 15 2400 290
3 22 2400 473
3 37 480 24
3 39 2400 233
3 54 3000 150
3 56 2400 352
3 62 2400 234
3 94 2400 275
3 96 2400 384
3 109 2400 351
3 115 2400 241
3 117 2400 356
3 128 1440 72
3 139 880 44
3 155 5820 291
3 159 1540 77
4 5 440 22
4 11 2400 217
4 14 820 41
4 58 2400 356
4 78 2400 149
4 118 2400 317
4 143 5500 275
4 162 2400 256
4 188 520 26
4 190 2400 136
5 6 320 16
5 12 2400 249
5 21 3900 195
5 52 2280 114
5 57 2400 228
5 63 2060 103
5 95 2820 141
5 108 2200 110
5 116 2280 114
5 141 960 48
6 7 440 22
6 20 1160 58
6 130 880 44
6 144 2400 202
6 156 2400 142
6 161 1760 88
7 11 1180 59
7 58 2400 198
7 118 2400 159
7 143 2340 117
7 162 1960 98
8 6 3620 181
8 9 520 26
8 12 2400 414
8 18 2020 101
8 21 7200 360
8 52 2400 279
8 57 2400 393
8 63 2400 268
8 95 6120 306
8 108 5500 275
8 116 5580 279
8 141 4260 213
8 187 960 48
9 10 660 33
9 19 2040 102
9 29 600 30
9 77 1180 59
9 129 1820 91
9 142 2400 204
9 160 1960 98
10 7 1020 51
10 20 1740 87
10 48 480 24
10 55 860 43
10 105 540 27
10 130 1460 73
10 144 2400 231
10 156 2400 171
10 161 2340 117
11 12 1080 54
11 57 660 33
13 4 2260 113
13 15 2400 349
13 22 2400 532
13 37 1660 83
13 39 2400 292
13 54 4180 209
13 56 2400 411
13 62 2400 293
13 94 2400 334
13 96 2400 443
13 109 2400 410
13 114 1180 59
13 115 2400 300
13 117 2400 415
13 128 2620 131
13 139 2060 103
13 155 7000 350
13 159 2720 136
14 15 1180 59
14 22 2400 242
14 56 2400 121
14 94 880 44
14 96 2400 153
14 109 2400 120
14 117 2400 125
14 155 1200 60
15 58 2400 120
15 118 1620 81
15 143 780 39
15 162 400 20
16 7 2400 238
16 17 900 45
16 20 2400 274
16 38 2060 103
16 48 2400 211
16 51 620 31
16 55 4600 230
16 93 400 20
16 105 2400 214
16 107 2080 104
16 130 2400 260
16 140 2400 121
16 144 2400 418
16 154 2960 148
16 156 2400 358
16 161 2400 304
16 177 1240 62
16 189 2400 199
17 6 2020 101
17 12 2400 334
17 18 420 21
17 21 5600 280
17 52 2400 199
17 57 2400 313
17 63 2400 188
17 95 4520 226
17 108 3900 195
17 116 3980 199
17 141 2660 133
18 19 540 27
18 129 320 16
18 142 2400 129
18 160 460 23
19 20 360 18
19 144 2400 162
19 156 2040 102
19 161 960 48
20 12 2100 105
20 21 1020 51
20 57 1680 84
21 22 1060 53
23 1 1880 94
23 7 2400 575
23 17 2400 382
23 20 2400 611
23 24 460 23
23 34 500 25
23 38 8800 440
23 46 2400 267
23 48 2400 548
23 50 2400 186
23 51 7360 368
23 55 11340 567
23 66 760 38
23 68 2400 277
23 72 2400 216
23 74 2400 328
23 82 2400 242
23 86 2400 328
23 93 2400 357
23 100 640 32
23 105 2400 551
23 107 8820 441
23 125 2400 127
23 127 5200 260
23 130 2400 597
23 136 480 24
23 140 2400 458
23 154 9700 485
23 156 2400 695
23 161 2400 641
23 177 2400 399
23 189 2400 536
24 10 8140 407
24 19 9520 476
24 25 480 24
24 27 2400 275
24 29 2400 404
24 35 680 34
24 61 6620 331
24 77 2400 433
24 84 980 49
24 104 3260 163
24 123 2400 236
24 129 9300 465
24 137 480 24
24 142 2400 578
24 152 2400 263
24 160 9440 472
24 173 1900 95
24 175 2400 233
24 183 2400 293
24 186 2400 178
24 196 2060 103
25 4 2400 168
25 15 2400 404
25 22 2400 587
25 26 300 15
25 37 2760 138
25 39 2400 347
25 54 5280 264
25 56 2400 466
25 62 2400 348
25 85 900 45
25 94 2400 389
25 96 2400 498
25 109 2400 465
25 114 2280 114
25 115 2400 355
25 117 2400 470
25 128 3720 186
25 139 3160 158
25 155 8100 405
25 159 3820 191
25 169 340 17
26 10 3160 158
26 19 4540 227
26 27 520 26
26 29 2400 155
26 61 1640 82
26 77 2400 184
26 129 4320 216
26 142 2400 329
26 160 4460 223
26 183 880 44
27 5 1500 75
27 11 2400 270
27 14 1880 94
27 28 800 40
27 58 2400 409
27 76 740 37
27 78 2400 202
27 118 2400 370
27 143 6560 328
27 153 600 30
27 162 2400 309
27 188 1580 79
27 190 2400 189
28 10 360 18
28 19 1740 87
28 29 300 15
28 77 880 44
28 129 1520 76
28 142 2400 189
28 160 1660 83
29 11 2400 141
29 58 2400 280
29 78 1460 73
29 118 2400 241
29 143 3980 199
29 162 2400 180
29 190 1200 60
30 1 2400 468
30 24 7940 397
30 31 840 42
30 34 7980 399
30 46 2400 641
30 50 2400 560
30 66 2400 412
30 68 2400 651
30 72 2400 590
30 74 2400 702
30 80 2920 146
30 82 2400 616
30 86 2400 702
30 99 2400 270
30 100 2400 406
30 125 2400 501
30 127 12680 634
30 133 2400 180
30 136 7960 398
30 148 4820 241
31 4 2400 633
31 26 9600 480
31 32 1000 50
31 37 12060 603
31 42 2400 297
31 45 8400 420
31 85 10200 510
31 89 2400 321
31 91 2400 451
31 98 940 47
31 103 7500 375
31 114 11580 579
31 121 2400 363
31 128 13020 651
31 139 12460 623
31 149 4340 217
31 159 13120 656
31 166 2400 259
31 169 2400 482
31 171 2400 261
31 181 2400 460
31 192 1240 62
31 194 2400 278
32 10 11760 588
32 19 13140 657
32 25 4100 205
32 27 2400 456
32 29 2400 585
32 33 580 29
32 35 2400 215
32 41 440 22
32 61 10240 512
32 77 2400 614
32 84 4600 230
32 88 440 22
32 104 6880 344
32 120 1120 56
32 123 2400 417
32 129 12920 646
32 135 1200 60
32 137 2400 205
32 150 2400 191
32 152 2400 444
32 160 13060 653
32 173 2400 276
32 175 2400 414
32 180 3480 174
32 183 2400 474
32 186 2400 359
32 196 2400 284
33 0 2020 101
33 3 5800 290
33 5 2400 502
33 8 2400 337
33 11 2400 697
33 13 4620 231
33 14 10420 521
33 23 540 27
33 28 9340 467
33 43 2400 171
33 44 2060 103
33 47 6900 345
33 49 3500 175
33 59 3500 175
33 65 700 35
33 67 5680 284
33 71 3940 197
33 73 6140 307
33 76 9280 464
33 78 2400 629
33 92 2400 272
33 106 4860 243
33 112 4360 218
33 122 5360 268
33 124 2480 124
33 126 4820 241
33 138 5640 282
33 153 9140 457
33 158 6260 313
33 167 2400 145
33 174 5420 271
33 176 8140 407
33 182 7080 354
33 185 4160 208
33 188 10120 506
33 190 2400 616
33 195 3260 163
34 10 8100 405
34 19 9480 474
34 25 440 22
34 27 2400 273
34 29 2400 402
34 35 640 32
34 61 6580 329
34 77 2400 431
34 84 940 47
34 104 3220 161
34 123 2400 234
34 129 9260 463
34 137 440 22
34 142 2400 576
34 152 2400 261
34 160 9400 470
34 173 1860 93
34 175 2400 231
34 183 2400 291
34 186 2400 176
34 196 2020 101
35 3 2080 104
35 5 2400 316
35 8 2400 151
35 11 2400 511
35 13 900 45
35 14 6700 335
35 28 5620 281
35 47 3180 159
35 58 2400 650
35 67 1960 98
35 73 2420 121
35 76 5560 278
35 78 2400 443
35 92 1720 86
35 106 1140 57
35 112 640 32
35 118 2400 611
35 122 1640 82
35 126 1100 55
35 138 1920 96
35 143 11380 569
35 153 5420 271
35 158 2540 127
35 162 2400 550
35 174 1700 85
35 176 4420 221
35 182 3360 168
35 185 440 22
35 188 6400 320
35 190 2400 430
36 3 2600 130
36 5 2400 342
36 8 2400 177
36 11 2400 537
36 13 1420 71
36 14 7220 361
36 28 6140 307
36 47 3700 185
36 49 300 15
36 58 2400 676
36 59 300 15
36 67 2480 124
36 71 740 37
36 73 2940 147
36 76 6080 304
36 78 2400 469
36 92 2240 112
36 106 1660 83
36 112 1160 58
36 118 2400 637
36 122 2160 108
36 126 1620 81
36 138 2440 122
36 143 11900 595
36 153 5940 297
36 158 3060 153
36 162 2400 576
36 174 2220 111
36 176 4940 247
36 182 3880 194
36 185 960 48
36 188 6920 346
36 190 2400 456
37 7 2400 172
37 20 2400 208
37 38 740 37
37 48 2400 145
37 55 3280 164
37 105 2400 148
37 107 760 38
37 130 2400 194
37 140 1100 55
37 144 2400 352
37 154 1640 82
37 156 2400 292
37 161 2400 238
37 189 2400 133
38 15 1940 97
38 22 2400 280
38 39 800 40
38 56 2400 159
38 62 820 41
38 94 1640 82
38 96 2400 191
38 109 2400 158
38 115 960 48
38 117 2400 163
38 155 1960 98
39 12 2400 169
39 21 2300 115
39 52 680 34
39 57 2400 148
39 63 460 23
39 95 1220 61
39 108 600 30
39 116 680 34
40 4 2400 699
40 26 10920 546
40 32 2320 116
40 37 13380 669
40 42 2400 363
40 45 9720 486
40 85 11520 576
40 89 2400 387
40 91 2400 517
40 98 2260 113
40 103 8820 441
40 114 12900 645
40 121 2400 429
40 128 14340 717
40 132 780 39
40 139 13780 689
40 146 860 43
40 149 5660 283
40 166 2400 325
40 169 2400 548
40 171 2400 327
40 181 2400 526
40 192 2400 128
40 194 2400 344
41 4 2400 351
41 15 2400 587
41 26 3960 198
41 37 6420 321
41 39 2400 530
41 42 300 15
41 45 2760 138
41 54 8940 447
41 56 2400 649
41 62 2400 531
41 85 4560 228
41 89 780 39
41 91 2400 169
41 94 2400 572
41 96 2400 681
41 103 1860 93
41 109 2400 648
41 114 5940 297
41 115 2400 538
41 117 2400 653
41 121 1620 81
41 128 7380 369
41 139 6820 341
41 155 11760 588
41 159 7480 374
41 169 2400 200
41 181 2400 178
42 3 2920 146
42 5 2400 358
42 8 2400 193
42 11 2400 553
42 13 1740 87
42 14 7540 377
42 28 6460 323
42 43 540 27
42 47 4020 201
42 49 620 31
42 58 2400 692
42 59 620 31
42 67 2800 140
42 71 1060 53
42 73 3260 163
42 76 6400 320
42 78 2400 485
42 92 2400 128
42 106 1980 99
42 112 1480 74
42 118 2400 653
42 122 2480 124
42 126 1940 97
42 138 2760 138
42 143 12220 611
42 153 6260 313
42 158 3380 169
42 162 2400 592
42 174 2540 127
42 176 5260 263
42 182 4200 210
42 185 1280 64
42 188 7240 362
42 190 2400 472
42 195 380 19
43 6 6940 347
43 9 3840 192
43 12 2400 580
43 16 2620 131
43 18 5340 267
43 21 10520 526
43 52 2400 445
43 53 2600 130
43 57 2400 559
43 60 1860 93
43 63 2400 434
43 95 9440 472
43 108 8820 441
43 113 1740 87
43 116 8900 445
43 141 7580 379
43 151 600 30
43 157 620 31
43 187 2400 214
44 4 2400 241
44 15 2400 477
44 22 2400 660
44 26 1760 88
44 37 4220 211
44 39 2400 420
44 45 560 28
44 54 6740 337
44 56 2400 539
44 62 2400 421
44 85 2360 118
44 91 1180 59
44 94 2400 462
44 96 2400 571
44 109 2400 538
44 114 3740 187
44 115 2400 428
44 117 2400 543
44 128 5180 259
44 139 4620 231
44 155 9560 478
44 159 5280 264
44 169 1800 90
44 181 1360 68
45 7 2400 355
45 17 2400 162
45 20 2400 391
45 38 4400 220
45 46 940 47
45 48 2400 328
45 51 2960 148
45 55 6940 347
45 68 1140 57
45 74 2160 108
45 82 440 22
45 86 2160 108
45 93 2400 137
45 105 2400 331
45 107 4420 221
45 127 800 40
45 130 2400 377
45 140 2400 238
45 144 2400 535
45 154 5300 265
45 156 2400 475
45 161 2400 421
45 177 2400 179
45 189 2400 316
46 5 2400 172
46 11 2400 367
46 14 3820 191
46 28 2740 137
46 47 300 15
46 58 2400 506
46 76 2680 134
46 78 2400 299
46 118 2400 467
46 143 8500 425
46 153 2540 127
46 162 2400 406
46 176 1540 77
46 182 480 24
46 188 3520 176
46 190 2400 286
47 10 2800 140
47 19 4180 209
47 29 2400 137
47 61 1280 64
47 77 2400 166
47 129 3960 198
47 142 2400 311
47 160 4100 205
47 183 520 26
48 11 1720 86
48 58 2400 225
48 78 360 18
48 118 2400 186
48 143 2880 144
48 162 2400 125
49 7 2400 427
49 17 2400 234
49 20 2400 463
49 38 5840 292
49 46 2380 119
49 48 2400 400
49 50 760 38
49 51 4400 220
49 55 8380 419
49 68 2400 129
49 72 1360 68
49 74 2400 180
49 82 1880 94
49 86 2400 180
49 93 2400 209
49 105 2400 403
49 107 5860 293
49 127 2240 112
49 130 2400 449
49 140 2400 310
49 144 2400 607
49 154 6740 337
49 156 2400 547
49 161 2400 493
49 177 2400 251
49 189 2400 388
50 6 5940 297
50 9 2840 142
50 12 2400 530
50 16 1620 81
50 18 4340 217
50 21 9520 476
50 52 2400 395
50 53 1600 80
50 57 2400 509
50 60 860 43
50 63 2400 384
50 95 8440 422
50 108 7820 391
50 113 740 37
50 116 7900 395
50 141 6580 329
50 187 2400 164
51 15 2400 169
51 22 2400 352
51 39 2240 112
51 54 580 29
51 56 2400 231
51 62 2260 113
51 94 2400 154
51 96 2400 263
51 109 2400 230
51 115 2400 120
51 117 2400 235
51 155 3400 170
52 58 2400 130
52 118 1820 91
52 143 980 49
52 162 600 30
53 7 2400 239
53 17 920 46
53 20 2400 275
53 38 2080 104
53 48 2400 212
53 51 640 32
53 55 4620 231
53 93 420 21
53 105 2400 215
53 107 2100 105
53 130 2400 261
53 140 2400 122
53 144 2400 419
53 154 2980 149
53 156 2400 359
53 161 2400 305
53 177 1260 63
53 189 2400 200
54 7 920 46
54 20 1640 82
54 48 380 19
54 55 760 38
54 105 440 22
54 130 1360 68
54 144 2400 226
54 156 2400 166
54 161 2240 112
55 22 2400 153
55 56 640 32
55 96 1280 64
55 109 620 31
55 117 720 36
56 12 1000 50
56 57 580 29
57 58 320 16
59 7 2400 427
59 17 2400 234
59 20 2400 463
59 38 5840 292
59 46 2380 119
59 48 2400 400
59 50 760 38
59 51 4400 220
59 55 8380 419
59 68 2400 129
59 72 1360 68
59 74 2400 180
59 82 1880 94
59 86 2400 180
59 93 2400 209
59 105 2400 403
59 107 5860 293
59 127 2240 112
59 130 2400 449
59 140 2400 310
59 144 2400 607
59 154 6740 337
59 156 2400 547
59 161 2400 493
59 177 2400 251
59 189 2400 388
60 10 2640 132
60 19 4020 201
60 29 2400 129
60 61 1120 56
60 77 2400 158
60 129 3800 190
60 142 2400 303
60 160 3940 197
60 183 360 18
61 15 1940 97
61 22 2400 280
61 39 800 40
61 56 2400 159
61 62 820 41
61 94 1640 82
61 96 2400 191
61 109 2400 158
61 115 960 48
61 117 2400 163
61 155 1960 98
62 12 2400 168
62 21 2280 114
62 52 660 33
62 57 2400 147
62 63 440 22
62 95 1200 60
62 108 580 29
62 116 660 33
63 58 2400 141
63 118 2040 102
63 143 1200 60
63 162 820 41
64 10 13680 684
64 25 6020 301
64 27 2400 552
64 29 2400 681
64 33 2400 125
64 35 2400 311
64 41 2360 118
64 61 12160 608
64 70 2160 108
64 77 2400 710
64 84 6520 326
64 88 2360 118
64 104 8800 440
64 120 3040 152
64 123 2400 513
64 135 3120 156
64 137 2400 301
64 150 2400 287
64 152 2400 540
64 164 520 26
64 173 2400 372
64 175 2400 510
64 180 5400 270
64 183 2400 570
64 186 2400 455
64 196 2400 380
65 1 1720 86
65 7 2400 567
65 17 2400 374
65 20 2400 603
65 24 300 15
65 34 340 17
65 38 8640 432
65 46 2400 259
65 48 2400 540
65 50 2400 178
65 51 7200 360
65 55 11180 559
65 66 600 30
65 68 2400 269
65 72 2400 208
65 74 2400 320
65 82 2400 234
65 86 2400 320
65 93 2400 349
65 100 480 24
65 105 2400 543
65 107 8660 433
65 125 2380 119
65 127 5040 252
65 130 2400 589
65 136 320 16
65 140 2400 450
65 154 9540 477
65 156 2400 687
65 161 2400 633
65 177 2400 391
65 189 2400 528
66 2 1700 85
66 6 8900 445
66 9 5800 290
66 12 2400 678
66 16 4580 229
66 18 7300 365
66 21 12480 624
66 52 2400 543
66 53 4560 228
66 57 2400 657
66 60 3820 191
66 63 2400 532
66 75 1880 94
66 90 1220 61
66 95 11400 570
66 101 500 25
66 108 10780 539
66 113 3700 185
66 116 10860 543
66 141 9540 477
66 151 2560 128
66 157 2400 129
66 168 1800 90
66 187 2400 312
67 7 2400 318
67 17 2400 125
67 20 2400 354
67 38 3660 183
67 48 2400 291
67 51 2220 111
67 55 6200 310
67 68 400 20
67 74 1420 71
67 86 1420 71
67 93 2000 100
67 105 2400 294
67 107 3680 184
67 130 2400 340
67 140 2400 201
67 144 2400 498
67 154 4560 228
67 156 2400 438
67 161 2400 384
67 177 2400 142
67 189 2400 279
68 5 2400 162
68 11 2400 357
68 14 3620 181
68 28 2540 127
68 58 2400 496
68 76 2480 124
68 78 2400 289
68 118 2400 457
68 143 8300 415
68 153 2340 117
68 162 2400 396
68 176 1340 67
68 188 3320 166
68 190 2400 276
69 10 12360 618
69 19 13740 687
69 25 4700 235
69 27 2400 486
69 29 2400 615
69 33 1180 59
69 35 2400 245
69 41 1040 52
69 61 10840 542
69 70 840 42
69 77 2400 644
69 84 5200 260
69 88 1040 52
69 104 7480 374
69 120 1720 86
69 123 2400 447
69 129 13520 676
69 135 1800 90
69 137 2400 235
69 150 2400 221
69 152 2400 474
69 160 13660 683
69 173 2400 306
69 175 2400 444
69 180 4080 204
69 183 2400 504
69 186 2400 389
69 196 2400 314
70 2 2400 176
70 6 10720 536
70 9 7620 381
70 16 6400 320
70 18 9120 456
70 21 14300 715
70 36 1760 88
70 52 2400 634
70 53 6380 319
70 60 5640 282
70 63 2400 623
70 75 3700 185
70 81 1040 52
70 90 3040 152
70 95 13220 661
70 101 2320 116
70 102 1320 66
70 108 12600 630
70 113 5520 276
70 116 12680 634
70 141 11360 568
70 151 4380 219
70 157 2400 220
70 168 3620 181
70 172 1400 70
70 184 1920 96
70 187 2400 403
71 7 2400 405
71 17 2400 212
71 20 2400 441
71 38 5400 270
71 46 1940 97
71 48 2400 378
71 50 320 16
71 51 3960 198
71 55 7940 397
71 68 2140 107
71 72 920 46
71 74 2400 158
71 82 1440 72
71 86 2400 158
71 93 2400 187
71 105 2400 381
71 107 5420 271
71 127 1800 90
71 130 2400 427
71 140 2400 288
71 144 2400 585
71 154 6300 315
71 156 2400 525
71 161 2400 471
71 177 2400 229
71 189 2400 366
72 5 2400 223
72 8 1160 58
72 11 2400 418
72 14 4840 242
72 28 3760 188
72 47 1320 66
72 58 2400 557
72 73 560 28
72 76 3700 185
72 78 2400 350
72 118 2400 518
72 143 9520 476
72 153 3560 178
72 158 680 34
72 162 2400 457
72 176 2560 128
72 182 1500 75
72 188 4540 227
72 190 2400 337
73 7 2400 295
73 17 2040 102
73 20 2400 331
73 38 3200 160
73 48 2400 268
73 51 1760 88
73 55 5740 287
73 74 960 48
73 86 960 48
73 93 1540 77
73 105 2400 271
73 107 3220 161
73 130 2400 317
73 140 2400 178
73 144 2400 475
73 154 4100 205
73 156 2400 415
73 161 2400 361
73 177 2380 119
73 189 2400 256
74 5 2220 111
74 11 2400 306
74 14 2600 130
74 28 1520 76
74 58 2400 445
74 76 1460 73
74 78 2400 238
74 118 2400 406
74 143 7280 364
74 153 1320 66
74 162 2400 345
74 176 320 16
74 188 2300 115
74 190 2400 225
75 10 4580 229
75 19 5960 298
75 27 1940 97
75 29 2400 226
75 61 3060 153
75 77 2400 255
75 123 1160 58
75 129 5740 287
75 142 2400 400
75 152 1700 85
75 160 5880 294
75 175 1100 55
75 183 2300 115
76 10 420 21
76 19 1800 90
76 29 360 18
76 77 940 47
76 129 1580 79
76 142 2400 192
76 160 1720 86
77 11 2240 112
77 58 2400 251
77 78 880 44
77 118 2400 212
77 143 3400 170
77 162 2400 151
77 190 620 31
78 12 2400 122
78 21 1360 68
78 57 2020 101
79 1 2400 350
79 17 2400 638
79 24 5580 279
79 34 5620 281
79 38 13920 696
79 46 2400 523
79 50 2400 442
79 51 12480 624
79 66 2400 294
79 68 2400 533
79 72 2400 472
79 74 2400 584
79 80 560 28
79 82 2400 498
79 86 2400 584
79 93 2400 613
79 99 2400 152
79 100 2400 288
79 107 13940 697
79 125 2400 383
79 127 10320 516
79 133 1240 62
79 136 5600 280
79 140 2400 714
79 148 2460 123
79 177 2400 655
80 10 13160 658
80 25 5500 275
80 27 2400 526
80 29 2400 655
80 33 1980 99
80 35 2400 285
80 41 1840 92
80 61 11640 582
80 70 1640 82
80 77 2400 684
80 84 6000 300
80 88 1840 92
80 104 8280 414
80 120 2520 126
80 123 2400 487
80 129 14320 716
80 135 2600 130
80 137 2400 275
80 150 2400 261
80 152 2400 514
80 173 2400 346
80 175 2400 484
80 180 4880 244
80 183 2400 544
80 186 2400 429
80 196 2400 354
81 4 2400 297
81 15 2400 533
81 22 2400 716
81 26 2880 144
81 37 5340 267
81 39 2400 476
81 45 1680 84
81 54 7860 393
81 56 2400 595
81 62 2400 477
81 85 3480 174
81 91 2300 115
81 94 2400 518
81 96 2400 627
81 103 780 39
81 109 2400 594
81 114 4860 243
81 115 2400 484
81 117 2400 599
81 121 540 27
81 128 6300 315
81 139 5740 287
81 155 10680 534
81 159 6400 320
81 169 2400 146
81 181 2400 124
82 5 2400 197
82 8 640 32
82 11 2400 392
82 14 4320 216
82 28 3240 162
82 47 800 40
82 58 2400 531
82 76 3180 159
82 78 2400 324
82 118 2400 492
82 143 9000 450
82 153 3040 152
82 162 2400 431
82 176 2040 102
82 182 980 49
82 188 4020 201
82 190 2400 311
83 1 2400 221
83 7 2400 702
83 17 2400 509
83 24 3000 150
83 34 3040 152
83 38 11340 567
83 46 2400 394
83 48 2400 675
83 50 2400 313
83 51 9900 495
83 55 13880 694
83 66 2400 165
83 68 2400 404
83 72 2400 343
83 74 2400 455
83 82 2400 369
83 86 2400 455
83 93 2400 484
83 99 460 23
83 100 2400 159
83 105 2400 678
83 107 11360 568
83 125 2400 254
83 127 7740 387
83 136 3020 151
83 140 2400 585
83 154 12240 612
83 177 2400 526
83 189 2400 663
84 4 2400 143
84 15 2400 379
84 22 2400 562
84 37 2260 113
84 39 2400 322
84 54 4780 239
84 56 2400 441
84 62 2400 323
84 85 400 20
84 94 2400 364
84 96 2400 473
84 109 2400 440
84 114 1780 89
84 115 2400 330
84 117 2400 445
84 128 3220 161
84 139 2660 133
84 155 7600 380
84 159 3320 166
85 7 2400 265
85 17 1440 72
85 20 2400 301
85 38 2600 130
85 48 2400 238
85 51 1160 58
85 55 5140 257
85 74 360 18
85 86 360 18
85 93 940 47
85 105 2400 241
85 107 2620 131
85 130 2400 287
85 140 2400 148
85 144 2400 445
85 154 3500 175
85 156 2400 385
85 161 2400 331
85 177 1780 89
85 189 2400 226
86 6 3100 155
86 12 2400 388
86 18 1500 75
86 21 6680 334
86 52 2400 253
86 57 2400 367
86 63 2400 242
86 95 5600 280
86 108 4980 249
86 116 5060 253
86 141 3740 187
86 187 440 22
87 0 6380 319
87 3 10160 508
87 5 2400 720
87 8 2400 555
87 13 8980 449
87 23 4900 245
87 28 13700 685
87 43 2400 389
87 44 6420 321
87 47 11260 563
87 49 7860 393
87 59 7860 393
87 64 380 19
87 65 5060 253
87 67 10040 502
87 69 1700 85
87 71 8300 415
87 73 10500 525
87 76 13640 682
87 92 2400 490
87 106 9220 461
87 111 2400 216
87 112 8720 436
87 119 2600 130
87 122 9720 486
87 124 6840 342
87 126 9180 459
87 134 2700 135
87 138 10000 500
87 147 1780 89
87 153 13500 675
87 158 10620 531
87 165 3360 168
87 167 2400 363
87 170 3080 154
87 174 9780 489
87 176 12500 625
87 178 2400 126
87 182 11440 572
87 185 8520 426
87 193 3160 158
87 195 7620 381
88 4 2400 351
88 15 2400 587
88 26 3960 198
88 37 6420 321
88 39 2400 530
88 42 300 15
88 45 2760 138
88 54 8940 447
88 56 2400 649
88 62 2400 531
88 85 4560 228
88 89 780 39
88 91 2400 169
88 94 2400 572
88 96 2400 681
88 103 1860 93
88 109 2400 648
88 114 5940 297
88 115 2400 538
88 117 2400 653
88 121 1620 81
88 128 7380 369
88 139 6820 341
88 155 11760 588
88 159 7480 374
88 169 2400 200
88 181 2400 178
89 2 1340 67
89 6 8540 427
89 9 5440 272
89 12 2400 660
89 16 4220 211
89 18 6940 347
89 21 12120 606
89 52 2400 525
89 53 4200 210
89 57 2400 639
89 60 3460 173
89 63 2400 514
89 75 1520 76
89 90 860 43
89 95 11040 552
89 108 10420 521
89 113 3340 167
89 116 10500 525
89 141 9180 459
89 151 2200 110
89 157 2220 111
89 168 1440 72
89 187 2400 294
90 4 2400 197
90 15 2400 433
90 22 2400 616
90 26 880 44
90 37 3340 167
90 39 2400 376
90 54 5860 293
90 56 2400 495
90 62 2400 377
90 85 1480 74
90 91 300 15
90 94 2400 418
90 96 2400 527
90 109 2400 494
90 114 2860 143
90 115 2400 384
90 117 2400 499
90 128 4300 215
90 139 3740 187
90 155 8680 434
90 159 4400 220
90 169 920 46
90 181 480 24
91 6 5940 297
91 9 2840 142
91 12 2400 530
91 16 1620 81
91 18 4340 217
91 21 9520 476
91 52 2400 395
91 53 1600 80
91 57 2400 509
91 60 860 43
91 63 2400 384
91 95 8440 422
91 108 7820 391
91 113 740 37
91 116 7900 395
91 141 6580 329
91 187 2400 164
92 6 4920 246
92 9 1820 91
92 12 2400 479
92 16 600 30
92 18 3320 166
92 21 8500 425
92 52 2400 344
92 53 580 29
92 57 2400 458
92 63 2400 333
92 95 7420 371
92 108 6800 340
92 116 6880 344
92 141 5560 278
92 187 2260 113
93 5 1640 82
93 11 2400 277
93 14 2020 101
93 28 940 47
93 58 2400 416
93 76 880 44
93 78 2400 209
93 118 2400 377
93 143 6700 335
93 153 740 37
93 162 2400 316
93 188 1720 86
93 190 2400 196
94 12 2400 127
94 21 1460 73
94 57 2120 106
94 95 380 19
95 22 2140 107
95 96 360 18
96 58 520 26
97 1 2400 465
97 24 7880 394
97 31 780 39
97 34 7920 396
97 46 2400 638
97 50 2400 557
97 66 2400 409
97 68 2400 648
97 72 2400 587
97 74 2400 699
97 80 2860 143
97 82 2400 613
97 86 2400 699
97 99 2400 267
97 100 2400 403
97 125 2400 498
97 127 12620 631
97 133 2400 177
97 136 7900 395
97 148 4760 238
98 2 2400 341
98 6 14020 701
98 9 10920 546
98 16 9700 485
98 18 12420 621
98 36 2400 253
98 53 9680 484
98 60 8940 447
98 75 7000 350
98 81 4340 217
98 83 420 21
98 90 6340 317
98 101 2400 281
98 102 4620 231
98 113 8820 441
98 151 7680 384
98 157 2400 385
98 168 6920 346
98 172 4700 235
98 179 2680 134
98 184 2400 261
98 187 2400 568
99 0 2840 142
99 3 6620 331
99 5 2400 543
99 8 2400 378
99 13 5440 272
99 14 11240 562
99 23 1360 68
99 28 10160 508
99 43 2400 212
99 44 2880 144
99 47 7720 386
99 49 4320 216
99 59 4320 216
99 65 1520 76
99 67 6500 325
99 71 4760 238
99 73 6960 348
99 76 10100 505
99 78 2400 670
99 92 2400 313
99 106 5680 284
99 111 780 39
99 112 5180 259
99 122 6180 309
99 124 3300 165
99 126 5640 282
99 138 6460 323
99 153 9960 498
99 158 7080 354
99 167 2400 186
99 174 6240 312
99 176 8960 448
99 182 7900 395
99 185 4980 249
99 188 10940 547
99 190 2400 657
99 195 4080 204
100 2 1820 91
100 6 9020 451
100 9 5920 296
100 12 2400 684
100 16 4700 235
100 18 7420 371
100 21 12600 630
100 52 2400 549
100 53 4680 234
100 57 2400 663
100 60 3940 197
100 63 2400 538
100 75 2000 100
100 90 1340 67
100 95 11520 576
100 101 620 31
100 108 10900 545
100 113 3820 191
100 116 10980 549
100 141 9660 483
100 151 2680 134
100 157 2400 135
100 168 1920 96
100 187 2400 318
101 3 2040 102
101 5 2400 314
101 8 2400 149
101 11 2400 509
101 13 860 43
101 14 6660 333
101 28 5580 279
101 47 3140 157
101 58 2400 648
101 67 1920 96
101 73 2380 119
101 76 5520 276
101 78 2400 441
101 92 1680 84
101 106 1100 55
101 112 600 30
101 118 2400 609
101 122 1600 80
101 126 1060 53
101 138 1880 94
101 143 11340 567
101 153 5380 269
101 158 2500 125
101 162 2400 548
101 174 1660 83
101 176 4380 219
101 182 3320 166
101 185 400 20
101 188 6360 318
101 190 2400 428
102 4 2400 283
102 15 2400 519
102 22 2400 702
102 26 2600 130
102 37 5060 253
102 39 2400 462
102 45 1400 70
102 54 7580 379
102 56 2400 581
102 62 2400 463
102 85 3200 160
102 91 2020 101
102 94 2400 504
102 96 2400 613
102 103 500 25
102 109 2400 580
102 114 4580 229
102 115 2400 470
102 117 2400 585
102 128 6020 301
102 139 5460 273
102 155 10400 520
102 159 6120 306
102 169 2400 132
102 181 2200 110
103 10 5260 263
103 19 6640 332
103 27 2400 131
103 29 2400 260
103 61 3740 187
103 77 2400 289
103 104 380 19
103 123 1840 92
103 129 6420 321
103 142 2400 434
103 152 2380 119
103 160 6560 328
103 175 1780 89
103 183 2400 149
103 186 680 34
104 4 580 29
104 15 2400 265
104 22 2400 448
104 39 2400 208
104 54 2500 125
104 56 2400 327
104 62 2400 209
104 94 2400 250
104 96 2400 359
104 109 2400 326
104 115 2400 216
104 117 2400 331
104 128 940 47
104 139 380 19
104 155 5320 266
104 159 1040 52
105 12 2400 165
105 21 2220 111
105 52 600 30
105 57 2400 144
105 63 380 19
105 95 1140 57
105 108 520 26
105 116 600 30
106 4 2020 101
106 15 2400 337
106 22 2400 520
106 37 1420 71
106 39 2400 280
106 54 3940 197
106 56 2400 399
106 62 2400 281
106 94 2400 322
106 96 2400 431
106 109 2400 398
106 114 940 47
106 115 2400 288
106 117 2400 403
106 128 2380 119
106 139 1820 91
106 155 6760 338
106 159 2480 124
107 15 1920 96
107 22 2400 279
107 39 780 39
107 56 2400 158
107 62 800 40
107 94 1620 81
107 96 2400 190
107 109 2400 157
107 115 940 47
107 117 2400 162
107 155 1940 97
108 22 2400 138
108 56 340 17
108 96 980 49
108 109 320 16
108 117 420 21
109 58 1180 59
109 118 400 20
110 1 2400 326
110 17 2400 614
110 24 5100 255
110 34 5140 257
110 38 13440 672
110 46 2400 499
110 50 2400 418
110 51 12000 600
110 66 2400 270
110 68 2400 509
110 72 2400 448
110 74 2400 560
110 82 2400 474
110 86 2400 560
110 93 2400 589
110 99 2400 128
110 100 2400 264
110 107 13460 673
110 125 2400 359
110 127 9840 492
110 133 760 38
110 136 5120 256
110 140 2400 690
110 148 1980 99
110 154 14340 717
110 177 2400 631
111 2 2400 160
111 6 10400 520
111 9 7300 365
111 16 6080 304
111 18 8800 440
111 21 13980 699
111 36 1440 72
111 52 2400 618
111 53 6060 303
111 60 5320 266
111 63 2400 607
111 75 3380 169
111 81 720 36
111 90 2720 136
111 95 12900 645
111 101 2000 100
111 102 1000 50
111 108 12280 614
111 113 5200 260
111 116 12360 618
111 141 11040 552
111 151 4060 203
111 157 2400 204
111 168 3300 165
111 172 1080 54
111 184 1600 80
111 187 2400 387
112 7 2400 384
112 17 2400 191
112 20 2400 420
112 38 4980 249
112 46 1520 76
112 48 2400 357
112 51 3540 177
112 55 7520 376
112 68 1720 86
112 72 500 25
112 74 2400 137
112 82 1020 51
112 86 2400 137
112 93 2400 166
112 105 2400 360
112 107 5000 250
112 127 1380 69
112 130 2400 406
112 140 2400 267
112 144 2400 564
112 154 5880 294
112 156 2400 504
112 161 2400 450
112 177 2400 208
112 189 2400 345
113 4 1460 73
113 15 2400 309
113 22 2400 492
113 37 860 43
113 39 2400 252
113 54 3380 169
113 56 2400 371
113 62 2400 253
113 94 2400 294
113 96 2400 403
113 109 2400 370
113 114 380 19
113 115 2400 260
113 117 2400 375
113 128 1820 91
113 139 1260 63
113 155 6200 310
113 159 1920 96
114 7 2400 196
114 20 2400 232
114 38 1220 61
114 48 2400 169
114 55 3760 188
114 105 2400 172
114 107 1240 62
114 130 2400 218
114 140 1580 79
114 144 2400 376
114 154 2120 106
114 156 2400 316
114 161 2400 262
114 177 400 20
114 189 2400 157
115 12 2400 161
115 21 2140 107
115 52 520 26
115 57 2400 140
115 63 300 15
115 95 1060 53
115 108 440 22
115 116 520 26
116 22 2400 134
116 96 900 45
116 117 340 17
117 58 1080 54
117 118 300 15
119 10 11460 573
119 19 12840 642
119 25 3800 190
119 27 2400 441
119 29 2400 570
119 35 2400 200
119 61 9940 497
119 77 2400 599
119 84 4300 215
119 104 6580 329
119 120 820 41
119 123 2400 402
119 129 12620 631
119 135 900 45
119 137 2400 190
119 150 2400 176
119 152 2400 429
119 160 12760 638
119 173 2400 261
119 175 2400 399
119 180 3180 159
119 183 2400 459
119 186 2400 344
119 196 2400 269
120 4 2400 317
120 15 2400 553
120 26 3280 164
120 37 5740 287
120 39 2400 496
120 45 2080 104
120 54 8260 413
120 56 2400 615
120 62 2400 497
120 85 3880 194
120 91 2400 135
120 94 2400 538
120 96 2400 647
120 103 1180 59
120 109 2400 614
120 114 5260 263
120 115 2400 504
120 117 2400 619
120 121 940 47
120 128 6700 335
120 139 6140 307
120 155 11080 554
120 159 6800 340
120 169 2400 166
120 181 2400 144
121 3 1600 80
121 5 2400 292
121 8 2400 127
121 11 2400 487
121 13 420 21
121 14 6220 311
121 28 5140 257
121 47 2700 135
121 58 2400 626
121 67 1480 74
121 73 1940 97
121 76 5080 254
121 78 2400 419
121 92 1240 62
121 106 660 33
121 118 2400 587
121 122 1160 58
121 126 620 31
121 138 1440 72
121 143 10900 545
121 153 4940 247
121 158 2060 103
121 162 2400 526
121 174 1220 61
121 176 3940 197
121 182 2880 144
121 188 5920 296
121 190 2400 406
122 10 4340 217
122 19 5720 286
122 27 1700 85
122 29 2400 214
122 61 2820 141
122 77 2400 243
122 123 920 46
122 129 5500 275
122 142 2400 388
122 152 1460 73
122 160 5640 282
122 175 860 43
122 183 2060 103
123 5 2280 114
123 11 2400 309
123 14 2660 133
123 28 1580 79
123 58 2400 448
123 76 1520 76
123 78 2400 241
123 118 2400 409
123 143 7340 367
123 153 1380 69
123 162 2400 348
123 176 380 19
123 188 2360 118
123 190 2400 228
124 7 2400 478
124 17 2400 285
124 20 2400 514
124 38 6860 343
124 46 2400 170
124 48 2400 451
124 50 1780 89
124 51 5420 271
124 55 9400 470
124 68 2400 180
124 72 2380 119
124 74 2400 231
124 82 2400 145
124 86 2400 231
124 93 2400 260
124 105 2400 454
124 107 6880 344
124 125 600 30
124 127 3260 163
124 130 2400 500
124 140 2400 361
124 144 2400 658
124 154 7760 388
124 156 2400 598
124 161 2400 544
124 177 2400 302
124 189 2400 439
125 3 2000 100
125 5 2400 312
125 8 2400 147
125 11 2400 507
125 13 820 41
125 14 6620 331
125 28 5540 277
125 47 3100 155
125 58 2400 646
125 67 1880 94
125 73 2340 117
125 76 5480 274
125 78 2400 439
125 92 1640 82
125 106 1060 53
125 112 560 28
125 118 2400 607
125 122 1560 78
125 126 1020 51
125 138 1840 92
125 143 11300 565
125 153 5340 267
125 158 2460 123
125 162 2400 546
125 174 1620 81
125 176 4340 217
125 182 3280 164
125 185 360 18
125 188 6320 316
125 190 2400 426
126 7 2400 361
126 17 2400 168
126 20 2400 397
126 38 4520 226
126 46 1060 53
126 48 2400 334
126 51 3080 154
126 55 7060 353
126 68 1260 63
126 74 2280 114
126 82 560 28
126 86 2280 114
126 93 2400 143
126 105 2400 337
126 107 4540 227
126 127 920 46
126 130 2400 383
126 140 2400 244
126 144 2400 541
126 154 5420 271
126 156 2400 481
126 161 2400 427
126 177 2400 185
126 189 2400 322
127 4 820 41
127 15 2400 277
127 22 2400 460
127 39 2400 220
127 54 2740 137
127 56 2400 339
127 62 2400 221
127 94 2400 262
127 96 2400 371
127 109 2400 338
127 115 2400 228
127 117 2400 343
127 128 1180 59
127 139 620 31
127 155 5560 278
127 159 1280 64
128 19 1120 56
128 129 900 45
128 142 2400 158
128 160 1040 52
129 20 580 29
129 130 300 15
129 144 2400 173
129 156 2260 113
129 161 1180 59
130 11 740 37
130 58 2400 176
130 118 2400 137
130 143 1900 95
130 162 1520 76
131 4 2400 678
131 26 10500 525
131 32 1900 95
131 37 12960 648
131 42 2400 342
131 45 9300 465
131 85 11100 555
131 89 2400 366
131 91 2400 496
131 98 1840 92
131 103 8400 420
131 114 12480 624
131 121 2400 408
131 128 13920 696
131 132 360 18
131 139 13360 668
131 146 440 22
131 149 5240 262
131 159 14020 701
131 166 2400 304
131 169 2400 527
131 171 2400 306
131 181 2400 505
131 192 2140 107
131 194 2400 323
132 1 2400 321
132 17 2400 609
132 24 5000 250
132 34 5040 252
132 38 13340 667
132 46 2400 494
132 50 2400 413
132 51 11900 595
132 66 2400 265
132 68 2400 504
132 72 2400 443
132 74 2400 555
132 82 2400 469
132 86 2400 555
132 93 2400 584
132 99 2400 123
132 100 2400 259
132 107 13360 668
132 125 2400 354
132 127 9740 487
132 133 660 33
132 136 5020 251
132 140 2400 685
132 148 1880 94
132 154 14240 712
132 177 2400 626
133 0 4640 232
133 3 8420 421
133 5 2400 633
133 8 2400 468
133 13 7240 362
133 14 13040 652
133 23 3160 158
133 28 11960 598
133 43 2400 302
133 44 4680 234
133 47 9520 476
133 49 6120 306
133 59 6120 306
133 65 3320 166
133 67 8300 415
133 71 6560 328
133 73 8760 438
133 76 11900 595
133 92 2400 403
133 106 7480 374
133 111 2400 129
133 112 6980 349
133 119 860 43
133 122 7980 399
133 124 5100 255
133 126 7440 372
133 134 960 48
133 138 8260 413
133 153 11760 588
133 158 8880 444
133 165 1620 81
133 167 2400 276
133 170 1340 67
133 174 8040 402
133 176 10760 538
133 178 780 39
133 182 9700 485
133 185 6780 339
133 188 12740 637
133 193 1420 71
133 195 5880 294
134 10 11360 568
134 19 12740 637
134 25 3700 185
134 27 2400 436
134 29 2400 565
134 35 2400 195
134 61 9840 492
134 77 2400 594
134 84 4200 210
134 104 6480 324
134 120 720 36
134 123 2400 397
134 129 12520 626
134 135 800 40
134 137 2400 185
134 150 2400 171
134 152 2400 424
134 160 12660 633
134 173 2400 256
134 175 2400 394
134 180 3080 154
134 183 2400 454
134 186 2400 339
134 196 2400 264
135 1 1960 98
135 7 2400 579
135 17 2400 386
135 20 2400 615
135 24 540 27
135 34 580 29
135 38 8880 444
135 46 2400 271
135 48 2400 552
135 50 2400 190
135 51 7440 372
135 55 11420 571
135 66 840 42
135 68 2400 281
135 72 2400 220
135 74 2400 332
135 82 2400 246
135 86 2400 332
135 93 2400 361
135 100 720 36
135 105 2400 555
135 107 8900 445
135 125 2400 131
135 127 5280 264
135 130 2400 601
135 136 560 28
135 140 2400 462
135 154 9780 489
135 156 2400 699
135 161 2400 645
135 177 2400 403
135 189 2400 540
136 10 8120 406
136 19 9500 475
136 25 460 23
136 27 2400 274
136 29 2400 403
136 35 660 33
136 61 6600 330
136 77 2400 432
136 84 960 48
136 104 3240 162
136 123 2400 235
136 129 9280 464
136 137 460 23
136 142 2400 577
136 152 2400 262
136 160 9420 471
136 173 1880 94
136 175 2400 232
136 183 2400 292
136 186 2400 177
136 196 2040 102
137 3 2280 114
137 5 2400 326
137 8 2400 161
137 11 2400 521
137 13 1100 55
137 14 6900 345
137 28 5820 291
137 47 3380 169
137 58 2400 660
137 67 2160 108
137 71 420 21
137 73 2620 131
137 76 5760 288
137 78 2400 453
137 92 1920 96
137 106 1340 67
137 112 840 42
137 118 2400 621
137 122 1840 92
137 126 1300 65
137 138 2120 106
137 143 11580 579
137 153 5620 281
137 158 2740 137
137 162 2400 560
137 174 1900 95
137 176 4620 231
137 182 3560 178
137 185 640 32
137 188 6600 330
137 190 2400 440
138 4 1240 62
138 15 2400 298
138 22 2400 481
138 37 640 32
138 39 2400 241
138 54 3160 158
138 56 2400 360
138 62 2400 242
138 94 2400 283
138 96 2400 392
138 109 2400 359
138 115 2400 249
138 117 2400 364
138 128 1600 80
138 139 1040 52
138 155 5980 299
138 159 1700 85
139 7 2400 152
139 20 2400 188
139 38 340 17
139 48 2400 125
139 55 2880 144
139 105 2400 128
139 107 360 18
139 130 2400 174
139 140 700 35
139 144 2400 332
139 154 1240 62
139 156 2400 272
139 161 2400 218
139 189 2260 113
140 6 500 25
140 12 2400 258
140 21 4080 204
140 52 2400 123
140 57 2400 237
140 63 2240 112
140 95 3000 150
140 108 2380 119
140 116 2460 123
140 141 1140 57
141 142 340 17
142 58 2120 106
142 118 1340 67
142 143 500 25
143 144 540 27
144 58 360 18
145 4 2400 709
145 26 11120 556
145 32 2520 126
145 37 13580 679
145 42 2400 373
145 45 9920 496
145 85 11720 586
145 89 2400 397
145 91 2400 527
145 98 2400 123
145 103 9020 451
145 114 13100 655
145 121 2400 439
145 132 980 49
145 139 13980 699
145 146 1060 53
145 149 5860 293
145 166 2400 335
145 169 2400 558
145 171 2400 337
145 181 2400 536
145 192 2400 138
145 194 2400 354
146 0 5540 277
146 3 9320 466
146 5 2400 678
146 8 2400 513
146 13 8140 407
146 14 13940 697
146 23 4060 203
146 28 12860 643
146 43 2400 347
146 44 5580 279
146 47 10420 521
146 49 7020 351
146 59 7020 351
146 65 4220 211
146 67 9200 460
146 69 860 43
146 71 7460 373
146 73 9660 483
146 76 12800 640
146 92 2400 448
146 106 8380 419
146 111 2400 174
146 112 7880 394
146 119 1760 88
146 122 8880 444
146 124 6000 300
146 126 8340 417
146 134 1860 93
146 138 9160 458
146 147 940 47
146 153 12660 633
146 158 9780 489
146 165 2520 126
146 167 2400 321
146 170 2240 112
146 174 8940 447
146 176 11660 583
146 178 1680 84
146 182 10600 530
146 185 7680 384
146 188 13640 682
146 193 2320 116
146 195 6780 339
147 1 2400 250
147 17 2400 538
147 24 3580 179
147 34 3620 181
147 38 11920 596
147 46 2400 423
147 48 2400 704
147 50 2400 342
147 51 10480 524
147 66 2400 194
147 68 2400 433
147 72 2400 372
147 74 2400 484
147 82 2400 398
147 86 2400 484
147 93 2400 513
147 99 1040 52
147 100 2400 188
147 105 2400 707
147 107 11940 597
147 125 2400 283
147 127 8320 416
147 136 3600 180
147 140 2400 614
147 148 460 23
147 154 12820 641
147 177 2400 555
147 189 2400 692
148 4 2400 434
148 15 2400 670
148 26 5620 281
148 37 8080 404
148 39 2400 613
148 42 1960 98
148 45 4420 221
148 54 10600 530
148 62 2400 614
148 85 6220 311
148 89 2400 122
148 91 2400 252
148 94 2400 655
148 103 3520 176
148 114 7600 380
148 115 2400 621
148 121 2400 164
148 128 9040 452
148 139 8480 424
148 149 360 18
148 155 13420 671
148 159 9140 457
148 166 1200 60
148 169 2400 283
148 171 1240 62
148 181 2400 261
148 194 1580 79
149 10 8420 421
149 19 9800 490
149 25 760 38
149 27 2400 289
149 29 2400 418
149 35 960 48
149 61 6900 345
149 77 2400 447
149 84 1260 63
149 104 3540 177
149 123 2400 250
149 129 9580 479
149 137 760 38
149 142 2400 592
149 150 480 24
149 152 2400 277
149 160 9720 486
149 173 2180 109
149 175 2400 247
149 183 2400 307
149 186 2400 192
149 196 2340 117
150 6 7140 357
150 9 4040 202
150 12 2400 590
150 16 2820 141
150 18 5540 277
150 21 10720 536
150 52 2400 455
150 53 2800 140
150 57 2400 569
150 60 2060 103
150 63 2400 444
150 95 9640 482
150 108 9020 451
150 113 1940 97
150 116 9100 455
150 141 7780 389
150 151 800 40
150 157 820 41
150 187 2400 224
151 10 3900 195
151 19 5280 264
151 27 1260 63
151 29 2400 192
151 61 2380 119
151 77 2400 221
151 123 480 24
151 129 5060 253
151 142 2400 366
151 152 1020 51
151 160 5200 260
151 175 420 21
151 183 1620 81
152 5 1740 87
152 11 2400 282
152 14 2120 106
152 28 1040 52
152 58 2400 421
152 76 980 49
152 78 2400 214
152 118 2400 382
152 143 6800 340
152 153 840 42
152 162 2400 321
152 188 1820 91
152 190 2400 201
153 7 2400 145
153 20 2400 181
153 48 2360 118
153 55 2740 137
153 105 2400 121
153 130 2400 167
153 140 560 28
153 144 2400 325
153 154 1100 55
153 156 2400 265
153 161 2400 211
153 189 2120 106
154 15 1040 52
154 22 2400 235
154 56 2280 114
154 94 740 37
154 96 2400 146
154 109 2260 113
154 117 2360 118
154 155 1060 53
155 144 1700 85
155 156 500 25
156 12 420 21
157 5 2400 210
157 8 900 45
157 11 2400 405
157 14 4580 229
157 28 3500 175
157 47 1060 53
157 58 2400 544
157 73 300 15
157 76 3440 172
157 78 2400 337
157 118 2400 505
157 143 9260 463
157 153 3300 165
157 158 420 21
157 162 2400 444
157 176 2300 115
157 182 1240 62
157 188 4280 214
157 190 2400 324
158 4 620 31
158 15 2400 267
158 22 2400 450
158 39 2400 210
158 54 2540 127
158 56 2400 329
158 62 2400 211
158 94 2400 252
158 96 2400 361
158 109 2400 328
158 115 2400 218
158 117 2400 333
158 128 980 49
158 139 420 21
158 155 5360 268
158 159 1080 54
159 19 1020 51
159 129 800 40
159 142 2400 153
159 160 940 47
160 20 440 22
160 144 2400 166
160 156 2120 106
160 161 1040 52
161 58 2400 132
161 118 1860 93
161 143 1020 51
161 162 640 32
162 12 300 15
163 10 13460 673
163 25 5800 290
163 27 2400 541
163 29 2400 670
163 33 2280 114
163 35 2400 300
163 41 2140 107
163 61 11940 597
163 70 1940 97
163 77 2400 699
163 84 6300 315
163 88 2140 107
163 104 8580 429
163 120 2820 141
163 123 2400 502
163 135 2900 145
163 137 2400 290
163 150 2400 276
163 152 2400 529
163 164 300 15
163 173 2400 361
163 175 2400 499
163 180 5180 259
163 183 2400 559
163 186 2400 444
163 196 2400 369
164 0 4000 200
164 3 7780 389
164 5 2400 601
164 8 2400 436
164 13 6600 330
164 14 12400 620
164 23 2520 126
164 28 11320 566
164 43 2400 270
164 44 4040 202
164 47 8880 444
164 49 5480 274
164 59 5480 274
164 65 2680 134
164 67 7660 383
164 71 5920 296
164 73 8120 406
164 76 11260 563
164 92 2400 371
164 106 6840 342
164 111 1940 97
164 112 6340 317
164 122 7340 367
164 124 4460 223
164 126 6800 340
164 134 320 16
164 138 7620 381
164 153 11120 556
164 158 8240 412
164 165 980 49
164 167 2400 244
164 170 700 35
164 174 7400 370
164 176 10120 506
164 182 9060 453
164 185 6140 307
164 188 12100 605
164 190 2400 715
164 193 780 39
164 195 5240 262
165 4 2400 394
165 15 2400 630
165 26 4820 241
165 37 7280 364
165 39 2400 573
165 42 1160 58
165 45 3620 181
165 54 9800 490
165 56 2400 692
165 62 2400 574
165 85 5420 271
165 89 1640 82
165 91 2400 212
165 94 2400 615
165 103 2720 136
165 109 2400 691
165 114 6800 340
165 115 2400 581
165 117 2400 696
165 121 2400 124
165 128 8240 412
165 139 7680 384
165 155 12620 631
165 159 8340 417
165 166 400 20
165 169 2400 243
165 171 440 22
165 181 2400 221
165 194 780 39
166 3 3680 184
166 5 2400 396
166 8 2400 231
166 11 2400 591
166 13 2500 125
166 14 8300 415
166 28 7220 361
166 43 1300 65
166 47 4780 239
166 49 1380 69
166 59 1380 69
166 67 3560 178
166 71 1820 91
166 73 4020 201
166 76 7160 358
166 78 2400 523
166 92 2400 166
166 106 2740 137
166 112 2240 112
166 118 2400 691
166 122 3240 162
166 124 360 18
166 126 2700 135
166 138 3520 176
166 143 12980 649
166 153 7020 351
166 158 4140 207
166 162 2400 630
166 167 780 39
166 174 3300 165
166 176 6020 301
166 182 4960 248
166 185 2040 102
166 188 8000 400
166 190 2400 510
166 195 1140 57
167 6 7460 373
167 9 4360 218
167 12 2400 606
167 16 3140 157
167 18 5860 293
167 21 11040 552
167 52 2400 471
167 53 3120 156
167 57 2400 585
167 60 2380 119
167 63 2400 460
167 75 440 22
167 95 9960 498
167 108 9340 467
167 113 2260 113
167 116 9420 471
167 141 8100 405
167 151 1120 56
167 157 1140 57
167 168 360 18
167 187 2400 240
168 4 2400 168
168 15 2400 404
168 22 2400 587
168 26 300 15
168 37 2760 138
168 39 2400 347
168 54 5280 264
168 56 2400 466
168 62 2400 348
168 85 900 45
168 94 2400 389
168 96 2400 498
168 109 2400 465
168 114 2280 114
168 115 2400 355
168 117 2400 470
168 128 3720 186
168 139 3160 158
168 155 8100 405
168 159 3820 191
168 169 340 17
169 6 5320 266
169 9 2220 111
169 12 2400 499
169 16 1000 50
169 18 3720 186
169 21 8900 445
169 52 2400 364
169 53 980 49
169 57 2400 478
169 63 2400 353
169 95 7820 391
169 108 7200 360
169 116 7280 364
169 141 5960 298
169 187 2400 133
170 4 2400 408
170 15 2400 644
170 26 5100 255
170 37 7560 378
170 39 2400 587
170 42 1440 72
170 45 3900 195
170 54 10080 504
170 56 2400 706
170 62 2400 588
170 85 5700 285
170 89 1920 96
170 91 2400 226
170 94 2400 629
170 103 3000 150
170 109 2400 705
170 114 7080 354
170 115 2400 595
170 117 2400 710
170 121 2400 138
170 128 8520 426
170 139 7960 398
170 155 12900 645
170 159 8620 431
170 166 680 34
170 169 2400 257
170 171 720 36
170 181 2400 235
170 194 1060 53
171 2 2400 127
171 6 9740 487
171 9 6640 332
171 12 2400 720
171 16 5420 271
171 18 8140 407
171 21 13320 666
171 36 780 39
171 52 2400 585
171 53 5400 270
171 57 2400 699
171 60 4660 233
171 63 2400 574
171 75 2720 136
171 90 2060 103
171 95 12240 612
171 101 1340 67
171 102 340 17
171 108 11620 581
171 113 4540 227
171 116 11700 585
171 141 10380 519
171 151 3400 170
171 157 2400 171
171 168 2640 132
171 172 420 21
171 184 940 47
171 187 2400 354
172 10 6880 344
172 19 8260 413
172 27 2400 212
172 29 2400 341
172 61 5360 268
172 77 2400 370
172 104 2000 100
172 123 2400 173
172 129 8040 402
172 142 2400 515
172 152 2400 200
172 160 8180 409
172 173 640 32
172 175 2400 170
172 183 2400 230
172 186 2300 115
172 196 800 40
173 3 860 43
173 5 2400 255
173 8 1800 90
173 11 2400 450
173 14 5480 274
173 28 4400 220
173 47 1960 98
173 58 2400 589
173 67 740 37
173 73 1200 60
173 76 4340 217
173 78 2400 382
173 92 500 25
173 118 2400 550
173 122 420 21
173 138 700 35
173 143 10160 508
173 153 4200 210
173 158 1320 66
173 162 2400 489
173 174 480 24
173 176 3200 160
173 182 2140 107
173 188 5180 259
173 190 2400 369
174 10 4280 214
174 19 5660 283
174 27 1640 82
174 29 2400 211
174 61 2760 138
174 77 2400 240
174 123 860 43
174 129 5440 272
174 142 2400 385
174 152 1400 70
174 160 5580 279
174 175 800 40
174 183 2000 100
175 5 2340 117
175 11 2400 312
175 14 2720 136
175 28 1640 82
175 58 2400 451
175 76 1580 79
175 78 2400 244
175 118 2400 412
175 143 7400 370
175 153 1440 72
175 162 2400 351
175 176 440 22
175 188 2420 121
175 190 2400 231
176 7 2400 195
176 20 2400 231
176 38 1200 60
176 48 2400 168
176 55 3740 187
176 105 2400 171
176 107 1220 61
176 130 2400 217
176 140 1560 78
176 144 2400 375
176 154 2100 105
176 156 2400 315
176 161 2400 261
176 177 380 19
176 189 2400 156
177 5 800 40
177 11 2400 235
177 14 1180 59
177 58 2400 374
177 78 2400 167
177 118 2400 335
177 143 5860 293
177 162 2400 274
177 188 880 44
177 190 2400 154
178 2 2400 250
178 6 12200 610
178 9 9100 455
178 16 7880 394
178 18 10600 530
178 36 2400 162
178 52 2400 708
178 53 7860 393
178 60 7120 356
178 63 2400 697
178 75 5180 259
178 81 2520 126
178 90 4520 226
178 101 2400 190
178 102 2800 140
178 108 14080 704
178 113 7000 350
178 116 14160 708
178 141 12840 642
178 151 5860 293
178 157 2400 294
178 168 5100 255
178 172 2880 144
178 179 860 43
178 184 2400 170
178 187 2400 477
179 10 8900 445
179 19 10280 514
179 25 1240 62
179 27 2400 313
179 29 2400 442
179 35 1440 72
179 61 7380 369
179 77 2400 471
179 84 1740 87
179 104 4020 201
179 123 2400 274
179 129 10060 503
179 137 1240 62
179 142 2400 616
179 150 960 48
179 152 2400 301
179 160 10200 510
179 173 2400 133
179 175 2400 271
179 180 620 31
179 183 2400 331
179 186 2400 216
179 196 2400 141
180 4 2400 199
180 15 2400 435
180 22 2400 618
180 26 920 46
180 37 3380 169
180 39 2400 378
180 54 5900 295
180 56 2400 497
180 62 2400 379
180 85 1520 76
180 91 340 17
180 94 2400 420
180 96 2400 529
180 109 2400 496
180 114 2900 145
180 115 2400 386
180 117 2400 501
180 128 4340 217
180 139 3780 189
180 155 8720 436
180 159 4440 222
180 169 960 48
180 181 520 26
181 5 2400 195
181 8 600 30
181 11 2400 390
181 14 4280 214
181 28 3200 160
181 47 760 38
181 58 2400 529
181 76 3140 157
181 78 2400 322
181 118 2400 490
181 143 8960 448
181 153 3000 150
181 162 2400 429
181 176 2000 100
181 182 940 47
181 188 3980 199
181 190 2400 309
182 10 2620 131
182 19 4000 200
182 29 2400 128
182 61 1100 55
182 77 2400 157
182 129 3780 189
182 142 2400 302
182 160 3920 196
182 183 340 17
183 5 1140 57
183 11 2400 252
183 14 1520 76
183 28 440 22
183 58 2400 391
183 76 380 19
183 78 2400 184
183 118 2400 352
183 143 6200 310
183 162 2400 291
183 188 1220 61
183 190 2400 171
184 3 2440 122
184 5 2400 334
184 8 2400 169
184 11 2400 529
184 13 1260 63
184 14 7060 353
184 28 5980 299
184 47 3540 177
184 58 2400 668
184 67 2320 116
184 71 580 29
184 73 2780 139
184 76 5920 296
184 78 2400 461
184 92 2080 104
184 106 1500 75
184 112 1000 50
184 118 2400 629
184 122 2000 100
184 126 1460 73
184 138 2280 114
184 143 11740 587
184 153 5780 289
184 158 2900 145
184 162 2400 568
184 174 2060 103
184 176 4780 239
184 182 3720 186
184 185 800 40
184 188 6760 338
184 190 2400 448
185 10 5540 277
185 19 6920 346
185 27 2400 145
185 29 2400 274
185 61 4020 201
185 77 2400 303
185 104 660 33
185 123 2120 106
185 129 6700 335
185 142 2400 448
185 152 2400 133
185 160 6840 342
185 175 2060 103
185 183 2400 163
185 186 960 48
186 6 3780 189
186 9 680 34
186 12 2400 422
186 18 2180 109
186 21 7360 368
186 52 2400 287
186 57 2400 401
186 63 2400 276
186 95 6280 314
186 108 5660 283
186 116 5740 287
186 141 4420 221
186 187 1120 56
187 5 540 27
187 11 2400 222
187 14 920 46
187 58 2400 361
187 78 2400 154
187 118 2400 322
187 143 5600 280
187 162 2400 261
187 188 620 31
187 190 2400 141
188 7 1920 96
188 20 2400 132
188 48 1380 69
188 55 1760 88
188 105 1440 72
188 130 2360 118
188 144 2400 276
188 156 2400 216
188 161 2400 162
188 189 1140 57
189 11 1960 98
189 58 2400 237
189 78 600 30
189 118 2400 198
189 143 3120 156
189 162 2400 137
189 190 340 17
190 12 2400 135
190 21 1620 81
190 57 2280 114
190 95 540 27
191 4 2400 612
191 26 9180 459
191 32 580 29
191 37 11640 582
191 42 2400 276
191 45 7980 399
191 54 14160 708
191 85 9780 489
191 89 2400 300
191 91 2400 430
191 98 520 26
191 103 7080 354
191 114 11160 558
191 121 2400 342
191 128 12600 630
191 139 12040 602
191 149 3920 196
191 159 12700 635
191 166 2400 238
191 169 2400 461
191 171 2400 240
191 181 2400 439
191 192 820 41
191 194 2400 257
192 0 3840 192
192 3 7620 381
192 5 2400 593
192 8 2400 428
192 13 6440 322
192 14 12240 612
192 23 2360 118
192 28 11160 558
192 43 2400 262
192 44 3880 194
192 47 8720 436
192 49 5320 266
192 59 5320 266
192 65 2520 126
192 67 7500 375
192 71 5760 288
192 73 7960 398
192 76 11100 555
192 78 2400 720
192 92 2400 363
192 106 6680 334
192 111 1780 89
192 112 6180 309
192 122 7180 359
192 124 4300 215
192 126 6640 332
192 138 7460 373
192 153 10960 548
192 158 8080 404
192 165 820 41
192 167 2400 236
192 170 540 27
192 174 7240 362
192 176 9960 498
192 182 8900 445
192 185 5980 299
192 188 11940 597
192 190 2400 707
192 193 620 31
192 195 5080 254
193 4 2400 404
193 15 2400 640
193 26 5020 251
193 37 7480 374
193 39 2400 583
193 42 1360 68
193 45 3820 191
193 54 10000 500
193 56 2400 702
193 62 2400 584
193 85 5620 281
193 89 1840 92
193 91 2400 222
193 94 2400 625
193 103 2920 146
193 109 2400 701
193 114 7000 350
193 115 2400 591
193 117 2400 706
193 121 2400 134
193 128 8440 422
193 139 7880 394
193 155 12820 641
193 159 8540 427
193 166 600 30
193 169 2400 253
193 171 640 32
193 181 2400 231
193 194 980 49
194 3 3300 165
194 5 2400 377
194 8 2400 212
194 11 2400 572
194 13 2120 106
194 14 7920 396
194 28 6840 342
194 43 920 46
194 47 4400 220
194 49 1000 50
194 58 2400 711
194 59 1000 50
194 67 3180 159
194 71 1440 72
194 73 3640 182
194 76 6780 339
194 78 2400 504
194 92 2400 147
194 106 2360 118
194 112 1860 93
194 118 2400 672
194 122 2860 143
194 126 2320 116
194 138 3140 157
194 143 12600 630
194 153 6640 332
194 158 3760 188
194 162 2400 611
194 167 400 20
194 174 2920 146
194 176 5640 282
194 182 4580 229
194 185 1660 83
194 188 7620 381
194 190 2400 491
194 195 760 38
195 10 6440 322
195 19 7820 391
195 27 2400 190
195 29 2400 319
195 61 4920 246
195 77 2400 348
195 104 1560 78
195 123 2400 151
195 129 7600 380
195 142 2400 493
195 152 2400 178
195 160 7740 387
195 175 2400 148
195 183 2400 208
195 186 1860 93
195 196 360 18
196 6 5280 264
196 9 2180 109
196 12 2400 497
196 16 960 48
196 18 3680 184
196 21 8860 443
196 52 2400 362
196 53 940 47
196 57 2400 476
196 63 2400 351
196 95 7780 389
196 108 7160 358
196 116 7240 362
196 141 5920 296
196 187 2400 131
197 2 2400 473
197 9 13560 678
197 16 12340 617
197 36 2400 385
197 53 12320 616
197 60 11580 579
197 75 9640 482
197 81 6980 349
197 83 3060 153
197 90 8980 449
197 101 2400 413
197 102 7260 363
197 113 11460 573
197 151 10320 516
197 157 2400 517
197 163 760 38
197 168 9560 478
197 172 7340 367
197 179 5320 266
197 184 2400 393
197 187 2400 700
197 191 680 34
197 198 300 15
198 10 13920 696
198 25 6260 313
198 27 2400 564
198 29 2400 693
198 33 2400 137
198 35 2400 323
198 41 2600 130
198 61 12400 620
198 70 2400 120
198 84 6760 338
198 88 2600 130
198 104 9040 452
198 120 3280 164
198 123 2400 525
198 135 3360 168
198 137 2400 313
198 150 2400 299
198 152 2400 552
198 164 760 38
198 173 2400 384
198 175 2400 522
198 180 5640 282
198 183 2400 582
198 186 2400 467
198 196 2400 392
198 199 300 15
199 0 4460 223
199 3 8240 412
199 5 2400 624
199 8 2400 459
199 13 7060 353
199 14 12860 643
199 23 2980 149
199 28 11780 589
199 43 2400 293
199 44 4500 225
199 47 9340 467
199 49 5940 297
199 59 5940 297
199 65 3140 157
199 67 8120 406
199 71 6380 319
199 73 8580 429
199 76 11720 586
199 92 2400 394
199 106 7300 365
199 111 2400 120
199 112 6800 340
199 119 680 34
199 122 7800 390
199 124 4920 246
199 126 7260 363
199 134 780 39
199 138 8080 404
199 153 11580 579
199 158 8700 435
199 165 1440 72
199 167 2400 267
199 170 1160 58
199 174 7860 393
199 176 10580 529
199 178 600 30
199 182 9520 476
199 185 6600 330
199 188 12560 628
199 193 1240 62
199 195 5700 285
