// The instance basic information 
nbCities:5; nbDepots:2; size:180 180;nbTrips:100;nbCombinedTrips8;planningHorizon:0-1440;maxDriving:540;maxWorking:720
// The number of cities is 
5
// The number of depots is 
2
// The max number of vehicles is 
18
// The max number of drivers is 
18
// The number of trips is 
100
// The minPlanTime is 
15
// The short Time for driver is 
20
// The short Time for vehicle is 
20
// The maximum driving time is 
540
// The maximum working time is 
720
// The cost of using driver is 
4000
// The cost of using vehicle is 
100000
// The cost of driver changeover penalty per change is 
30
// The max percentage of combined trips is  
0.08
// The maxPlanTime is 
720

//Here are the cities: idOfCity 	 nameOfCity 	 coordinateX 	 coordinateY 
0 C0 132 25
1 C1 88 121
2 C2 95 55
3 C3 78 86
4 C4 113 57
//Depots:  
// idOfDepot  	 indexOfDepotAsStartingPoint 	 indexOfDepotAsEndingPoint 	 idCityAsDepot
0 100 102 3
1 101 103 4
//Trips: idOfTrip 	 idOfStartCity 	 idEndCity	 departureTime 	 arrivalTime 	 nbCombinedVehicleInThisTrip
0 4 2 458 476 1
1 2 3 496 531 1
2 3 4 560 605 1
3 4 1 647 715 2
4 1 4 769 837 2
5 4 3 859 904 1
6 3 2 920 955 1
7 2 4 977 995 2
8 4 3 694 739 1
9 3 0 765 846 1
10 0 2 879 926 2
11 4 3 1054 1099 1
12 3 4 1153 1198 1
13 4 1 588 656 1
14 4 1 878 946 1
15 1 4 1005 1073 1
16 3 2 704 739 2
17 2 3 784 819 1
18 3 0 840 921 1
19 0 2 948 995 1
20 2 3 1013 1048 1
21 3 1 1099 1135 1
22 1 3 1188 1224 1
23 4 2 384 402 2
24 2 0 425 472 1
25 0 1 496 601 1
26 1 0 616 721 1
27 0 4 747 784 1
28 4 0 824 861 1
29 0 4 876 913 1
30 4 2 10 28 1
31 2 1 70 136 1
32 1 0 186 291 2
33 0 4 320 357 1
34 2 0 427 474 1
35 0 4 506 543 1
36 3 4 472 517 1
37 1 2 739 805 1
38 2 1 842 908 1
39 1 3 948 984 2
40 3 1 34 70 1
41 0 1 313 418 1
42 1 4 433 501 1
43 4 3 528 573 1
44 4 1 460 528 1
45 1 2 556 622 1
46 2 4 669 687 1
47 4 0 702 739 1
48 2 4 950 968 1
49 4 2 532 550 1
50 2 3 588 623 1
51 2 1 770 836 1
52 3 4 1018 1063 1
53 3 2 703 738 1
54 2 1 775 841 1
55 1 3 878 914 1
56 3 0 945 1026 1
57 0 2 1065 1112 1
58 2 3 1141 1176 1
59 4 2 532 550 1
60 2 1 575 641 1
61 1 2 660 726 1
62 2 1 748 814 1
63 1 0 855 960 1
64 0 2 990 1037 1
65 2 4 1052 1070 1
66 4 3 294 339 1
67 3 1 361 397 1
68 1 2 445 511 1
69 2 4 563 581 1
70 4 0 618 655 1
71 0 3 684 765 1
72 3 4 788 833 1
73 3 1 632 668 1
74 1 3 711 747 1
75 3 4 805 850 1
76 4 1 893 961 1
77 1 3 1011 1047 1
78 3 4 1062 1107 1
79 4 3 1126 1171 1
80 4 2 223 241 1
81 2 3 256 291 1
82 3 2 311 346 1
83 2 3 396 431 1
84 3 4 472 517 1
85 4 3 543 588 1
86 3 0 608 689 1
87 0 4 715 752 1
88 4 3 65 110 1
89 3 1 145 181 1
90 1 2 209 275 1
91 2 4 295 313 1
92 4 2 331 349 1
93 2 4 395 413 1
94 4 3 431 476 1
95 3 4 523 568 1
96 3 0 636 717 1
97 0 3 747 828 1
98 4 3 29 74 1
99 3 4 115 160 1
//Vehicles: idOfVehicle idOfStartingDepot nbTrips
0 -1 100
1 -1 100
2 -1 100
3 -1 100
4 -1 100
5 -1 100
6 -1 100
7 -1 100
8 -1 100
9 -1 100
10 -1 100
11 -1 100
12 -1 100
13 -1 100
14 -1 100
15 -1 100
16 -1 100
17 -1 100
//Drivers :idOfDriver idOfStartingDepot idOfEndingDepot nbTrips
0 -1 100
1 -1 100
2 -1 100
3 -1 100
4 -1 100
5 -1 100
6 -1 100
7 -1 100
8 -1 100
9 -1 100
10 -1 100
11 -1 100
12 -1 100
13 -1 100
14 -1 100
15 -1 100
16 -1 100
17 -1 100
//Graph arcs for trips can be performed successively: 
// idStartTrip idEndTrip costForVehicle costForDriver
0 1 400 20
0 7 2400 501
0 17 2400 308
0 20 2400 537
0 38 7320 366
0 46 2400 193
0 48 2400 474
0 50 2240 112
0 51 5880 294
0 54 5980 299
0 58 2400 665
0 60 1980 99
0 62 5440 272
0 65 2400 576
0 69 1740 87
1 2 580 29
1 6 7780 389
1 9 4680 234
1 12 2400 622
1 16 3460 173
1 18 6180 309
1 21 11360 568
1 52 2400 487
1 53 3440 172
1 56 8280 414
1 72 2400 257
1 73 2020 101
1 75 2400 274
1 78 2400 531
1 86 1540 77
1 96 2100 105
2 3 840 42
2 5 2400 254
2 8 1780 89
2 11 2400 449
2 14 5460 273
2 28 4380 219
2 47 1940 97
2 76 5760 288
2 79 2400 521
3 4 1080 54
3 15 2400 290
3 22 2400 473
3 37 480 24
3 39 2400 233
3 55 2400 163
3 63 2800 140
3 77 2400 296
4 5 440 22
4 11 2400 217
4 14 820 41
4 76 1120 56
4 79 2400 289
5 6 320 16
5 12 2400 249
5 21 3900 195
5 52 2280 114
5 56 820 41
5 78 2400 158
6 7 440 22
6 20 1160 58
6 58 2400 186
6 65 1940 97
7 11 1180 59
7 79 2400 131
8 6 3620 181
8 9 520 26
8 12 2400 414
8 18 2020 101
8 21 7200 360
8 52 2400 279
8 56 4120 206
8 72 980 49
8 75 1320 66
8 78 2400 323
9 10 660 33
9 19 2040 102
9 29 600 30
9 57 4380 219
9 64 2880 144
10 7 1020 51
10 20 1740 87
10 48 480 24
10 58 2400 215
10 65 2400 126
11 12 1080 54
13 4 2260 113
13 15 2400 349
13 22 2400 532
13 37 1660 83
13 39 2400 292
13 55 2400 222
13 63 3980 199
13 74 1100 55
13 77 2400 355
14 15 1180 59
14 22 2400 242
14 77 1300 65
15 79 1060 53
16 7 2400 238
16 17 900 45
16 20 2400 274
16 38 2060 103
16 48 2400 211
16 51 620 31
16 54 720 36
16 58 2400 402
16 65 2400 313
17 6 2020 101
17 12 2400 334
17 18 420 21
17 21 5600 280
17 52 2400 199
17 56 2520 126
17 78 2400 243
18 19 540 27
18 57 2880 144
18 64 1380 69
19 20 360 18
19 58 2400 146
19 65 1140 57
20 12 2100 105
20 21 1020 51
21 22 1060 53
23 1 1880 94
23 7 2400 575
23 17 2400 382
23 20 2400 611
23 24 460 23
23 34 500 25
23 38 8800 440
23 46 2400 267
23 48 2400 548
23 50 2400 186
23 51 7360 368
23 54 7460 373
23 60 3460 173
23 62 6920 346
23 65 2400 650
23 69 2400 161
24 10 8140 407
24 19 9520 476
24 25 480 24
24 27 2400 275
24 29 2400 404
24 35 680 34
24 57 11860 593
24 64 10360 518
24 71 2400 212
24 87 2400 243
24 97 2400 275
25 4 2400 168
25 15 2400 404
25 22 2400 587
25 26 300 15
25 37 2760 138
25 39 2400 347
25 55 2400 277
25 61 1180 59
25 63 5080 254
25 74 2200 110
25 77 2400 410
26 10 3160 158
26 19 4540 227
26 27 520 26
26 29 2400 155
26 57 6880 344
26 64 5380 269
26 97 520 26
27 5 1500 75
27 11 2400 270
27 14 1880 94
27 28 800 40
27 76 2180 109
27 79 2400 342
28 10 360 18
28 19 1740 87
28 29 300 15
28 57 4080 204
28 64 2580 129
29 11 2400 141
29 79 2400 213
30 1 2400 468
30 24 7940 397
30 31 840 42
30 34 7980 399
30 46 2400 641
30 50 2400 560
30 60 10940 547
30 62 14400 720
30 69 2400 535
30 81 2400 228
30 83 2400 368
30 91 2400 267
30 93 2400 367
31 4 2400 633
31 26 9600 480
31 32 1000 50
31 37 12060 603
31 42 2400 297
31 45 8400 420
31 61 10480 524
31 63 14380 719
31 68 6180 309
31 74 2400 575
31 90 1460 73
32 10 11760 588
32 19 13140 657
32 25 4100 205
32 27 2400 456
32 29 2400 585
32 33 580 29
32 35 2400 215
32 41 440 22
32 64 13980 699
32 71 2400 393
32 87 2400 424
32 97 2400 456
33 0 2020 101
33 3 5800 290
33 5 2400 502
33 8 2400 337
33 11 2400 697
33 13 4620 231
33 14 10420 521
33 23 540 27
33 28 9340 467
33 43 2400 171
33 44 2060 103
33 47 6900 345
33 49 3500 175
33 59 3500 175
33 70 5220 261
33 76 10720 536
33 85 2400 186
33 94 1480 74
34 10 8100 405
34 19 9480 474
34 25 440 22
34 27 2400 273
34 29 2400 402
34 35 640 32
34 57 11820 591
34 64 10320 516
34 71 2400 210
34 87 2400 241
34 97 2400 273
35 3 2080 104
35 5 2400 316
35 8 2400 151
35 11 2400 511
35 13 900 45
35 14 6700 335
35 28 5620 281
35 47 3180 159
35 70 1500 75
35 76 7000 350
35 79 2400 583
36 3 2600 130
36 5 2400 342
36 8 2400 177
36 11 2400 537
36 13 1420 71
36 14 7220 361
36 28 6140 307
36 47 3700 185
36 49 300 15
36 59 300 15
36 70 2020 101
36 76 7520 376
36 79 2400 609
36 85 520 26
37 7 2400 172
37 20 2400 208
37 38 740 37
37 48 2400 145
37 58 2400 336
37 65 2400 247
38 15 1940 97
38 22 2400 280
38 39 800 40
38 77 2060 103
39 12 2400 169
39 21 2300 115
39 52 680 34
39 78 1560 78
40 4 2400 699
40 26 10920 546
40 32 2320 116
40 37 13380 669
40 42 2400 363
40 45 9720 486
40 61 11800 590
40 68 7500 375
40 74 2400 641
40 90 2780 139
41 4 2400 351
41 15 2400 587
41 26 3960 198
41 37 6420 321
41 39 2400 530
41 42 300 15
41 45 2760 138
41 55 2400 460
41 61 4840 242
41 63 8740 437
41 68 540 27
41 74 2400 293
41 77 2400 593
42 3 2920 146
42 5 2400 358
42 8 2400 193
42 11 2400 553
42 13 1740 87
42 14 7540 377
42 28 6460 323
42 43 540 27
42 47 4020 201
42 49 620 31
42 59 620 31
42 70 2340 117
42 76 7840 392
42 79 2400 625
42 85 840 42
43 6 6940 347
43 9 3840 192
43 12 2400 580
43 16 2620 131
43 18 5340 267
43 21 10520 526
43 52 2400 445
43 53 2600 130
43 56 7440 372
43 72 2400 215
43 73 1180 59
43 75 2400 232
43 78 2400 489
43 86 700 35
43 96 1260 63
44 4 2400 241
44 15 2400 477
44 22 2400 660
44 26 1760 88
44 37 4220 211
44 39 2400 420
44 45 560 28
44 55 2400 350
44 61 2640 132
44 63 6540 327
44 74 2400 183
44 77 2400 483
45 7 2400 355
45 17 2400 162
45 20 2400 391
45 38 4400 220
45 46 940 47
45 48 2400 328
45 51 2960 148
45 54 3060 153
45 58 2400 519
45 62 2520 126
45 65 2400 430
46 5 2400 172
46 11 2400 367
46 14 3820 191
46 28 2740 137
46 47 300 15
46 76 4120 206
46 79 2400 439
47 10 2800 140
47 19 4180 209
47 29 2400 137
47 57 6520 326
47 64 5020 251
48 11 1720 86
48 79 2400 158
49 7 2400 427
49 17 2400 234
49 20 2400 463
49 38 5840 292
49 46 2380 119
49 48 2400 400
49 50 760 38
49 51 4400 220
49 54 4500 225
49 58 2400 591
49 60 500 25
49 62 3960 198
49 65 2400 502
50 6 5940 297
50 9 2840 142
50 12 2400 530
50 16 1620 81
50 18 4340 217
50 21 9520 476
50 52 2400 395
50 53 1600 80
50 56 6440 322
50 72 2400 165
50 75 2400 182
50 78 2400 439
51 15 2400 169
51 22 2400 352
51 39 2240 112
51 55 840 42
51 63 380 19
51 77 2400 175
52 79 1260 63
53 7 2400 239
53 17 920 46
53 20 2400 275
53 38 2080 104
53 48 2400 212
53 51 640 32
53 54 740 37
53 58 2400 403
53 65 2400 314
54 15 2400 164
54 22 2400 347
54 39 2140 107
54 55 740 37
54 77 2400 170
55 12 2400 239
55 21 3700 185
55 52 2080 104
55 56 620 31
55 78 2400 148
56 57 780 39
57 58 580 29
59 7 2400 427
59 17 2400 234
59 20 2400 463
59 38 5840 292
59 46 2380 119
59 48 2400 400
59 50 760 38
59 51 4400 220
59 54 4500 225
59 58 2400 591
59 60 500 25
59 62 3960 198
59 65 2400 502
60 4 2400 128
60 15 2400 364
60 22 2400 547
60 37 1960 98
60 39 2400 307
60 55 2400 237
60 61 380 19
60 63 4280 214
60 74 1400 70
60 77 2400 370
61 7 2400 251
61 17 1160 58
61 20 2400 287
61 38 2320 116
61 48 2400 224
61 51 880 44
61 54 980 49
61 58 2400 415
61 62 440 22
61 65 2400 326
62 15 2400 191
62 22 2400 374
62 39 2400 134
62 55 1280 64
62 63 820 41
62 77 2400 197
63 57 2100 105
63 64 600 30
64 58 2080 104
64 65 300 15
65 79 1120 56
66 2 2400 221
66 6 11620 581
66 9 8520 426
66 16 7300 365
66 18 10020 501
66 36 2400 133
66 52 2400 679
66 53 7280 364
66 56 12120 606
66 67 440 22
66 72 2400 449
66 73 5860 293
66 75 2400 466
66 84 2400 133
66 86 5380 269
66 95 2400 184
66 96 5940 297
67 4 2400 372
67 15 2400 608
67 26 4380 219
67 37 6840 342
67 39 2400 551
67 42 720 36
67 45 3180 159
67 55 2400 481
67 61 5260 263
67 63 9160 458
67 68 960 48
67 74 2400 314
67 77 2400 614
68 7 2400 466
68 17 2400 273
68 20 2400 502
68 38 6620 331
68 46 2400 158
68 48 2400 439
68 50 1540 77
68 51 5180 259
68 54 5280 264
68 58 2400 630
68 60 1280 64
68 62 4740 237
68 65 2400 541
68 69 1040 52
69 3 1320 66
69 5 2400 278
69 8 2260 113
69 11 2400 473
69 14 5940 297
69 28 4860 243
69 47 2420 121
69 70 740 37
69 76 6240 312
69 79 2400 545
70 10 4480 224
70 19 5860 293
70 27 1840 92
70 29 2400 221
70 57 8200 410
70 64 6700 335
70 71 580 29
70 87 1200 60
70 97 1840 92
71 6 3100 155
71 12 2400 388
71 18 1500 75
71 21 6680 334
71 52 2400 253
71 56 3600 180
71 72 460 23
71 75 800 40
71 78 2400 297
72 5 520 26
72 11 2400 221
72 14 900 45
72 76 1200 60
72 79 2400 293
73 4 2020 101
73 15 2400 337
73 22 2400 520
73 37 1420 71
73 39 2400 280
73 55 2400 210
73 63 3740 187
73 74 860 43
73 77 2400 343
74 6 3460 173
74 9 360 18
74 12 2400 406
74 18 1860 93
74 21 7040 352
74 52 2400 271
74 56 3960 198
74 72 820 41
74 75 1160 58
74 78 2400 315
75 11 2400 204
75 14 560 28
75 76 860 43
75 79 2400 276
76 15 880 44
76 22 2400 227
76 77 1000 50
77 12 2120 106
77 21 1040 52
77 78 300 15
78 79 380 19
80 1 2400 255
80 17 2400 543
80 24 3680 184
80 34 3720 186
80 38 12020 601
80 46 2400 428
80 48 2400 709
80 50 2400 347
80 51 10580 529
80 54 10680 534
80 60 6680 334
80 62 10140 507
80 69 2400 322
80 81 300 15
80 83 2400 155
80 91 1080 54
80 93 2400 154
81 2 2400 269
81 6 12580 629
81 9 9480 474
81 16 8260 413
81 18 10980 549
81 36 2400 181
81 53 8240 412
81 56 13080 654
81 67 1400 70
81 72 2400 497
81 73 6820 341
81 75 2400 514
81 82 400 20
81 84 2400 181
81 86 6340 317
81 95 2400 232
81 96 6900 345
82 1 2400 150
82 7 2400 631
82 17 2400 438
82 20 2400 667
82 24 1580 79
82 34 1620 81
82 38 9920 496
82 46 2400 323
82 48 2400 604
82 50 2400 242
82 51 8480 424
82 54 8580 429
82 60 4580 229
82 62 8040 402
82 65 2400 706
82 69 2400 217
82 83 1000 50
82 93 980 49
83 2 2400 129
83 6 9780 489
83 9 6680 334
83 16 5460 273
83 18 8180 409
83 21 13360 668
83 36 820 41
83 52 2400 587
83 53 5440 272
83 56 10280 514
83 72 2400 357
83 73 4020 201
83 75 2400 374
83 78 2400 631
83 84 820 41
83 86 3540 177
83 95 1840 92
83 96 4100 205
84 3 2600 130
84 5 2400 342
84 8 2400 177
84 11 2400 537
84 13 1420 71
84 14 7220 361
84 28 6140 307
84 47 3700 185
84 49 300 15
84 59 300 15
84 70 2020 101
84 76 7520 376
84 79 2400 609
84 85 520 26
85 6 6640 332
85 9 3540 177
85 12 2400 565
85 16 2320 116
85 18 5040 252
85 21 10220 511
85 52 2400 430
85 53 2300 115
85 56 7140 357
85 72 2400 200
85 73 880 44
85 75 2400 217
85 78 2400 474
85 86 400 20
85 96 960 48
86 10 3800 190
86 19 5180 259
86 27 1160 58
86 29 2400 187
86 57 7520 376
86 64 6020 301
86 87 520 26
86 97 1160 58
87 5 2140 107
87 11 2400 302
87 14 2520 126
87 28 1440 72
87 76 2820 141
87 79 2400 374
88 2 2400 450
88 9 13100 655
88 16 11880 594
88 36 2400 362
88 53 11860 593
88 67 5020 251
88 72 2400 678
88 73 10440 522
88 75 2400 695
88 82 4020 201
88 84 2400 362
88 86 9960 498
88 89 700 35
88 95 2400 413
88 96 10520 526
89 4 2400 588
89 26 8700 435
89 37 11160 558
89 42 2400 252
89 45 7500 375
89 55 2400 697
89 61 9580 479
89 63 13480 674
89 68 5280 264
89 74 2400 530
89 90 560 28
90 1 2400 221
90 7 2400 702
90 17 2400 509
90 24 3000 150
90 34 3040 152
90 38 11340 567
90 46 2400 394
90 48 2400 675
90 50 2400 313
90 51 9900 495
90 54 10000 500
90 60 6000 300
90 62 9460 473
90 69 2400 288
90 83 2400 121
90 91 400 20
90 93 2400 120
91 0 2900 145
91 3 6680 334
91 5 2400 546
91 8 2400 381
91 13 5500 275
91 14 11300 565
91 23 1420 71
91 28 10220 511
91 43 2400 215
91 44 2940 147
91 47 7780 389
91 49 4380 219
91 59 4380 219
91 70 6100 305
91 76 11600 580
91 85 2400 230
91 92 360 18
91 94 2360 118
92 1 2400 147
92 7 2400 628
92 17 2400 435
92 20 2400 664
92 24 1520 76
92 34 1560 78
92 38 9860 493
92 46 2400 320
92 48 2400 601
92 50 2400 239
92 51 8420 421
92 54 8520 426
92 60 4520 226
92 62 7980 399
92 65 2400 703
92 69 2400 214
92 83 940 47
92 93 920 46
93 0 900 45
93 3 4680 234
93 5 2400 446
93 8 2400 281
93 11 2400 641
93 13 3500 175
93 14 9300 465
93 28 8220 411
93 43 2300 115
93 44 940 47
93 47 5780 289
93 49 2380 119
93 59 2380 119
93 70 4100 205
93 76 9600 480
93 79 2400 713
93 85 2400 130
93 94 360 18
94 2 1680 84
94 6 8880 444
94 9 5780 289
94 12 2400 677
94 16 4560 228
94 18 7280 364
94 21 12460 623
94 52 2400 542
94 53 4540 227
94 56 9380 469
94 72 2400 312
94 73 3120 156
94 75 2400 329
94 78 2400 586
94 86 2640 132
94 95 940 47
94 96 3200 160
95 3 1580 79
95 5 2400 291
95 8 2400 126
95 11 2400 486
95 13 400 20
95 14 6200 310
95 28 5120 256
95 47 2680 134
95 70 1000 50
95 76 6500 325
95 79 2400 558
96 10 3240 162
96 19 4620 231
96 27 600 30
96 29 2400 159
96 57 6960 348
96 64 5460 273
96 97 600 30
97 6 1840 92
97 12 2400 325
97 21 5420 271
97 52 2400 190
97 56 2340 117
97 78 2400 234
98 2 2400 486
98 9 13820 691
98 16 12600 630
98 36 2400 398
98 53 12580 629
98 67 5740 287
98 72 2400 714
98 73 11160 558
98 82 4740 237
98 84 2400 398
98 86 10680 534
98 89 1420 71
98 95 2400 449
98 96 11240 562
98 99 820 41
99 0 5960 298
99 3 9740 487
99 5 2400 699
99 8 2400 534
99 13 8560 428
99 14 14360 718
99 23 4480 224
99 28 13280 664
99 43 2400 368
99 44 6000 300
99 47 10840 542
99 49 7440 372
99 59 7440 372
99 66 2400 134
99 70 9160 458
99 80 1260 63
99 85 2400 383
99 92 3420 171
99 94 2400 271
