// The instance basic information 
nbCities:10; nbDepots:3; size:240 240;nbTrips:200;nbCombinedTrips30;planningHorizon:0-1440;maxDriving:540;maxWorking:720
// The number of cities is 
10
// The number of depots is 
3
// The max number of vehicles is 
52
// The max number of drivers is 
52
// The number of trips is 
200
// The minPlanTime is 
15
// The short Time for driver is 
20
// The short Time for vehicle is 
20
// The maximum driving time is 
540
// The maximum working time is 
720
// The cost of using driver is 
4000
// The cost of using vehicle is 
100000
// The cost of driver changeover penalty per change is 
30
// The max percentage of combined trips is  
0.15
// The maxPlanTime is 
720

//Here are the cities: idOfCity 	 nameOfCity 	 coordinateX 	 coordinateY 
0 C0 121 102
1 C1 69 225
2 C2 145 144
3 C3 95 150
4 C4 60 100
5 C5 185 130
6 C6 165 74
7 C7 11 200
8 C8 165 125
9 C9 60 150
//Depots:  
// idOfDepot  	 indexOfDepotAsStartingPoint 	 indexOfDepotAsEndingPoint 	 idCityAsDepot
0 200 203 7
1 201 204 8
2 202 205 9
//Trips: idOfTrip 	 idOfStartCity 	 idEndCity	 departureTime 	 arrivalTime 	 nbCombinedVehicleInThisTrip
0 8 9 436 543 2
1 9 2 582 667 2
2 2 9 717 802 2
3 9 2 829 914 1
4 2 8 948 975 2
5 9 0 197 274 1
6 0 3 305 359 1
7 3 1 375 454 1
8 1 7 469 532 1
9 7 9 551 621 1
10 9 5 10 136 1
11 5 7 195 382 2
12 7 9 436 506 1
13 8 6 588 639 2
14 6 8 672 723 2
15 8 5 778 798 1
16 5 4 837 965 1
17 4 2 990 1085 1
18 2 8 1100 1127 1
19 8 2 51 78 1
20 2 9 129 214 1
21 9 0 267 344 1
22 0 8 392 441 1
23 8 5 483 503 1
24 5 8 532 552 2
25 7 0 6 153 1
26 0 3 179 233 1
27 3 0 280 334 1
28 0 7 351 498 1
29 7 1 445 508 1
30 1 5 561 710 1
31 5 8 766 786 2
32 8 7 812 983 1
33 7 1 137 200 1
34 1 9 245 320 2
35 9 4 364 414 1
36 4 0 440 501 2
37 0 7 522 669 2
38 9 2 697 782 2
39 2 8 813 840 1
40 8 2 858 885 1
41 8 0 1014 1063 2
42 0 9 1099 1176 1
43 9 8 361 468 1
44 6 2 672 744 1
45 2 0 760 808 1
46 0 9 823 900 1
47 8 2 612 639 2
48 9 1 835 910 2
49 1 0 934 1067 1
50 0 8 1087 1136 1
51 9 2 654 739 1
52 2 7 797 942 1
53 7 3 979 1076 1
54 3 9 1113 1148 1
55 8 2 343 370 1
56 2 4 394 489 1
57 4 1 504 629 1
58 1 2 678 789 2
59 2 8 831 858 1
60 8 5 68 88 1
61 7 2 413 558 1
62 2 8 575 602 1
63 9 0 158 235 1
64 0 4 280 341 1
65 0 8 523 572 1
66 8 9 588 695 1
67 7 3 417 514 1
68 3 6 530 633 1
69 8 9 756 863 1
70 9 7 883 953 1
71 7 4 453 564 1
72 4 0 622 683 2
73 0 7 726 873 2
74 9 5 16 142 1
75 5 6 162 221 1
76 6 0 246 298 2
77 0 4 326 387 1
78 4 9 402 452 1
79 9 8 492 599 2
80 8 6 650 701 1
81 6 0 758 810 1
82 0 3 826 880 1
83 3 9 910 945 1
84 8 2 230 257 1
85 2 4 283 378 1
86 4 9 413 463 1
87 2 8 693 720 1
88 8 5 642 662 1
89 8 5 810 830 1
90 5 4 877 1005 1
91 4 0 1026 1087 1
92 0 8 1129 1178 1
93 7 4 414 525 1
94 0 8 708 757 1
95 8 7 775 946 1
96 9 6 655 784 1
97 6 3 832 935 1
98 3 7 980 1077 1
99 7 9 1121 1191 1
100 8 6 100 151 1
101 0 6 347 399 1
102 6 3 430 533 1
103 3 2 548 598 1
104 2 8 613 640 1
105 7 8 312 483 1
106 2 7 683 828 1
107 8 6 328 379 1
108 6 5 406 465 1
109 8 9 581 688 1
110 9 3 731 766 2
111 3 8 789 863 2
112 7 8 145 316 1
113 9 7 595 665 1
114 9 1 99 174 1
115 9 3 372 407 2
116 3 9 435 470 2
117 9 3 506 541 1
118 3 9 564 599 1
119 7 6 430 628 1
120 6 3 674 777 2
121 3 7 823 920 1
122 8 9 694 801 1
123 1 4 964 1089 1
124 4 8 1120 1227 1
125 8 7 566 737 1
126 7 2 775 920 2
127 2 8 947 974 1
128 8 2 994 1021 1
129 2 8 1036 1063 1
130 7 5 500 687 2
131 5 0 712 781 1
132 0 7 816 963 1
133 8 7 543 714 1
134 2 8 955 982 1
135 8 2 1003 1030 1
136 2 8 1054 1081 1
137 8 5 223 243 1
138 5 7 282 469 1
139 5 8 712 732 1
140 9 0 613 690 2
141 7 3 908 1005 1
142 3 9 1048 1083 1
143 7 9 566 636 1
144 2 1 831 942 2
145 1 7 965 1028 1
146 8 1 90 228 1
147 1 3 271 350 1
148 9 3 501 536 1
149 3 8 552 626 1
150 7 3 640 737 1
151 8 9 890 997 1
152 9 1 1012 1087 1
153 1 7 1111 1174 1
154 7 9 533 603 1
155 3 9 798 833 1
156 9 7 848 918 1
157 9 3 261 296 1
158 3 9 321 356 1
159 8 4 628 735 1
160 4 9 750 800 1
161 9 1 466 541 1
162 2 8 810 837 1
163 8 3 879 953 1
164 3 9 969 1004 1
165 7 6 371 569 1
166 3 7 800 897 1
167 8 9 160 267 1
168 3 1 450 529 1
169 1 8 549 687 1
170 9 6 699 828 1
171 6 5 859 918 1
172 5 8 961 981 1
173 0 3 1113 1167 1
174 3 9 1194 1229 1
175 9 0 422 499 1
176 7 0 703 850 1
177 0 9 865 942 1
178 7 2 328 473 1
179 2 9 505 590 1
180 0 7 711 858 1
181 8 4 589 696 1
182 4 2 711 806 1
183 1 8 979 1117 1
184 9 5 701 827 1
185 5 3 843 935 1
186 3 7 956 1053 1
187 7 9 1098 1168 1
188 7 8 283 454 1
189 8 9 483 590 1
190 9 7 611 681 1
191 7 6 124 322 1
192 6 3 376 479 1
193 3 7 523 620 1
194 7 4 426 537 1
195 4 0 557 618 1
196 0 3 635 689 1
197 3 7 711 808 1
198 7 6 468 666 1
199 6 7 713 911 1
//Vehicles: idOfVehicle idOfStartingDepot nbTrips
0 -1 200
1 -1 200
2 -1 200
3 -1 200
4 -1 200
5 -1 200
6 -1 200
7 -1 200
8 -1 200
9 -1 200
10 -1 200
11 -1 200
12 -1 200
13 -1 200
14 -1 200
15 -1 200
16 -1 200
17 -1 200
18 -1 200
19 -1 200
20 -1 200
21 -1 200
22 -1 200
23 -1 200
24 -1 200
25 -1 200
26 -1 200
27 -1 200
28 -1 200
29 -1 200
30 -1 200
31 -1 200
32 -1 200
33 -1 200
34 -1 200
35 -1 200
36 -1 200
37 -1 200
38 -1 200
39 -1 200
40 -1 200
41 -1 200
42 -1 200
43 -1 200
44 -1 200
45 -1 200
46 -1 200
47 -1 200
48 -1 200
49 -1 200
50 -1 200
51 -1 200
//Drivers :idOfDriver idOfStartingDepot idOfEndingDepot nbTrips
0 -1 200
1 -1 200
2 -1 200
3 -1 200
4 -1 200
5 -1 200
6 -1 200
7 -1 200
8 -1 200
9 -1 200
10 -1 200
11 -1 200
12 -1 200
13 -1 200
14 -1 200
15 -1 200
16 -1 200
17 -1 200
18 -1 200
19 -1 200
20 -1 200
21 -1 200
22 -1 200
23 -1 200
24 -1 200
25 -1 200
26 -1 200
27 -1 200
28 -1 200
29 -1 200
30 -1 200
31 -1 200
32 -1 200
33 -1 200
34 -1 200
35 -1 200
36 -1 200
37 -1 200
38 -1 200
39 -1 200
40 -1 200
41 -1 200
42 -1 200
43 -1 200
44 -1 200
45 -1 200
46 -1 200
47 -1 200
48 -1 200
49 -1 200
50 -1 200
51 -1 200
//Graph arcs for trips can be performed successively: 
// idStartTrip idEndTrip costForVehicle costForDriver
0 1 780 39
0 3 5720 286
0 38 3080 154
0 48 5840 292
0 51 2220 111
0 70 2400 340
0 96 2240 112
0 110 3760 188
0 113 1040 52
0 140 1400 70
0 152 9380 469
0 156 2400 305
0 170 3120 156
0 184 3160 158
0 190 1360 68
1 2 1000 50
1 4 2400 281
1 18 2400 433
1 39 2400 146
1 45 1860 93
1 52 2400 130
1 59 2400 164
1 87 520 26
1 106 320 16
1 127 2400 280
1 129 2400 369
1 134 2400 288
1 136 2400 387
1 144 3280 164
1 162 2400 143
2 3 540 27
2 48 660 33
2 70 1620 81
2 152 4200 210
2 156 920 46
3 4 680 34
3 18 2400 186
3 127 660 33
3 129 2400 122
3 134 820 41
3 136 2400 140
4 41 780 39
4 128 380 19
4 135 560 28
5 6 620 31
5 22 2360 118
5 28 1540 77
5 37 2400 248
5 46 2400 549
5 65 2400 249
5 73 2400 452
5 77 1040 52
5 82 11040 552
5 94 2400 434
5 101 1460 73
5 132 2400 542
5 177 2400 591
5 180 2400 437
5 196 7220 361
6 7 320 16
6 68 3420 171
6 83 2400 551
6 98 2400 621
6 103 3780 189
6 111 2400 430
6 116 1520 76
6 118 2400 205
6 121 2400 464
6 142 2400 689
6 149 2400 193
6 155 2400 439
6 164 2400 610
6 166 2400 441
6 168 1820 91
6 186 2400 597
6 193 2400 164
6 197 2400 352
7 8 300 15
7 30 2140 107
7 49 9600 480
7 58 4480 224
7 123 10200 510
7 145 2400 511
7 153 2400 657
7 169 1900 95
7 183 2400 525
8 9 380 19
8 53 8940 447
8 99 2400 589
8 126 4860 243
8 141 7520 376
8 143 680 34
8 150 2160 108
8 176 3420 171
8 187 2400 566
9 3 4160 208
9 38 1520 76
9 48 4280 214
9 51 660 33
9 70 2400 262
9 96 680 34
9 110 2200 110
9 152 7820 391
9 156 2400 227
9 170 1560 78
9 184 1600 80
10 11 1180 59
10 16 14020 701
10 24 2400 396
10 31 2400 630
10 75 520 26
10 131 11520 576
10 138 2400 146
10 139 2400 576
10 185 14140 707
11 9 2400 169
11 12 1080 54
11 29 1260 63
11 53 11940 597
11 61 620 31
11 67 700 35
11 71 1420 71
11 93 640 32
11 119 960 48
11 126 7860 393
11 130 2360 118
11 141 10520 526
11 143 2400 184
11 150 5160 258
11 154 2400 151
11 176 6420 321
11 187 2400 716
11 194 880 44
11 198 1720 86
12 1 1520 76
12 3 6460 323
12 38 3820 191
12 48 6580 329
12 51 2960 148
12 70 2400 377
12 96 2980 149
12 110 4500 225
12 113 1780 89
12 140 2140 107
12 152 10120 506
12 156 2400 342
12 170 3860 193
12 184 3900 195
12 190 2100 105
13 14 660 33
13 44 660 33
13 81 2380 119
13 97 3860 193
13 120 700 35
13 171 4400 220
13 199 1480 74
14 15 1100 55
14 32 1780 89
14 40 2700 135
14 41 5820 291
14 69 660 33
14 89 1740 87
14 95 1040 52
14 128 5420 271
14 135 5600 280
14 151 2400 167
14 163 3120 156
15 16 780 39
15 90 1580 79
15 172 2400 163
15 185 900 45
16 17 500 25
16 91 1220 61
16 124 2400 155
17 18 300 15
19 2 2400 639
19 20 1020 51
19 45 13640 682
19 52 2400 719
19 56 6320 316
19 62 2400 497
19 85 4100 205
19 87 2400 615
19 104 2400 535
19 106 2400 605
19 179 2400 427
20 1 7360 368
20 3 12300 615
20 21 1060 53
20 35 3000 150
20 38 9660 483
20 43 2400 147
20 48 12420 621
20 51 8800 440
20 70 2400 669
20 79 2400 278
20 96 8820 441
20 110 10340 517
20 113 2400 381
20 115 3160 158
20 117 5840 292
20 140 7980 399
20 148 5740 287
20 156 2400 634
20 157 940 47
20 161 5040 252
20 170 9700 485
20 175 4160 208
20 184 9740 487
20 190 2400 397
21 22 960 48
21 37 2400 178
21 46 2400 479
21 65 2400 179
21 73 2400 382
21 82 9640 482
21 94 2400 364
21 132 2400 472
21 177 2400 521
21 180 2400 367
21 196 5820 291
22 13 2940 147
22 15 6740 337
22 23 840 42
22 32 2400 371
22 40 8340 417
22 41 11460 573
22 47 3420 171
22 66 2400 147
22 69 2400 315
22 80 4180 209
22 88 4020 201
22 89 7380 369
22 95 2400 334
22 109 2400 140
22 122 2400 253
22 125 2400 125
22 128 11060 553
22 133 2040 102
22 135 11240 562
22 151 2400 449
22 159 3740 187
22 163 8760 438
22 181 2960 148
22 189 840 42
23 16 6680 334
23 24 580 29
23 31 2400 263
23 90 7480 374
23 131 4180 209
23 139 2400 209
23 172 2400 458
23 185 6800 340
24 13 720 36
24 15 4520 226
24 32 2400 260
24 40 6120 306
24 41 9240 462
24 47 1200 60
24 66 720 36
24 69 2400 204
24 80 1960 98
24 88 1800 90
24 89 5160 258
24 95 2400 223
24 109 580 29
24 122 2400 142
24 128 8840 442
24 135 9020 451
24 151 2400 338
24 159 1520 76
24 163 6540 327
24 181 740 37
25 6 3040 152
25 22 2400 239
25 26 520 26
25 28 2400 198
25 37 2400 369
25 46 2400 670
25 64 2540 127
25 65 2400 370
25 73 2400 573
25 77 3460 173
25 82 13460 673
25 94 2400 555
25 101 3880 194
25 132 2400 663
25 177 2400 712
25 180 2400 558
25 196 9640 482
26 7 2840 142
26 27 940 47
26 68 5940 297
26 83 2400 677
26 103 6300 315
26 111 2400 556
26 116 2400 202
26 118 2400 331
26 121 2400 590
26 149 2400 319
26 155 2400 565
26 158 1760 88
26 166 2400 567
26 168 4340 217
26 193 2400 290
26 197 2400 478
27 22 1160 58
27 28 340 17
27 37 2400 188
27 46 2400 489
27 65 2400 189
27 73 2400 392
27 82 9840 492
27 94 2400 374
27 132 2400 482
27 177 2400 531
27 180 2400 377
27 196 6020 301
28 9 1060 53
28 53 9620 481
28 99 2400 623
28 126 5540 277
28 141 8200 410
28 143 1360 68
28 150 2840 142
28 154 700 35
28 176 4100 205
28 187 2400 600
29 30 1060 53
29 49 8520 426
29 58 3400 170
29 123 9120 456
29 145 2400 457
29 153 2400 603
29 169 820 41
29 183 2400 471
30 16 2540 127
30 31 1120 56
30 90 3340 167
30 172 2400 251
30 185 2660 133
31 32 520 26
31 40 1440 72
31 41 4560 228
31 89 480 24
31 128 4160 208
31 135 4340 217
31 151 2080 104
31 163 1860 93
32 99 2400 138
32 187 2300 115
33 8 2400 269
33 30 7220 361
33 34 900 45
33 58 9560 478
33 147 1420 71
33 169 2400 349
34 1 5240 262
34 3 10180 509
34 35 880 44
34 38 7540 377
34 43 820 41
34 48 10300 515
34 51 6680 334
34 70 2400 563
34 79 2400 172
34 96 6700 335
34 110 8220 411
34 113 2400 275
34 115 1040 52
34 117 3720 186
34 140 5860 293
34 148 3620 181
34 152 13840 692
34 156 2400 528
34 161 2920 146
34 170 7580 379
34 175 2040 102
34 184 7620 381
34 190 2400 291
35 17 11520 576
35 36 520 26
35 57 1800 90
35 72 4160 208
35 91 12240 612
35 124 2400 706
35 160 2400 336
35 182 5940 297
35 195 2860 143
36 37 420 21
36 42 2400 598
36 46 2400 322
36 50 2400 586
36 65 440 22
36 73 2400 225
36 82 6500 325
36 92 2400 628
36 94 2400 207
36 132 2400 315
36 173 12240 612
36 177 2400 364
36 180 2400 210
36 196 2680 134
37 53 6200 310
37 99 2400 452
37 126 2120 106
37 141 4780 239
37 176 680 34
37 187 2400 429
38 4 2400 166
38 18 2400 318
38 39 620 31
38 52 300 15
38 59 980 49
38 127 2400 165
38 129 2400 254
38 134 2400 173
38 136 2400 272
38 144 980 49
38 162 560 28
39 40 360 18
39 41 3480 174
39 128 3080 154
39 135 3260 163
39 151 1000 50
39 163 780 39
40 4 1260 63
40 18 2400 215
40 127 1240 62
40 129 2400 151
40 134 1400 70
40 136 2400 169
41 42 720 36
41 50 480 24
41 92 1320 66
41 173 1000 50
43 13 2400 120
43 15 6200 310
43 23 300 15
43 32 2400 344
43 40 7800 390
43 41 10920 546
43 47 2880 144
43 66 2400 120
43 69 2400 288
43 80 3640 182
43 88 3480 174
43 89 6840 342
43 95 2400 307
43 109 2260 113
43 122 2400 226
43 125 1960 98
43 128 10520 526
43 133 1500 75
43 135 10700 535
43 151 2400 422
43 159 3200 160
43 163 8220 411
43 181 2420 121
43 189 300 15
44 4 2400 204
44 18 2400 356
44 39 1380 69
44 45 320 16
44 52 1060 53
44 59 1740 87
44 127 2400 203
44 129 2400 292
44 134 2400 211
44 136 2400 310
44 144 1740 87
44 162 1320 66
45 42 2400 291
45 46 300 15
45 50 2400 279
45 82 360 18
45 92 2400 321
45 173 6100 305
45 177 1140 57
46 152 2240 112
47 2 1560 78
47 4 2400 309
47 18 2400 461
47 39 2400 174
47 45 2420 121
47 52 2400 158
47 59 2400 192
47 87 1080 54
47 106 880 44
47 127 2400 308
47 129 2400 397
47 134 2400 316
47 136 2400 415
47 144 3840 192
47 162 2400 171
48 49 480 24
48 123 1080 54
48 145 1100 55
48 153 2400 201
48 183 1380 69
49 42 640 32
49 50 400 20
49 92 1240 62
49 173 920 46
51 4 2400 209
51 18 2400 361
51 39 1480 74
51 45 420 21
51 52 1160 58
51 59 1840 92
51 127 2400 208
51 129 2400 297
51 134 2400 216
51 136 2400 315
51 144 1840 92
51 162 1420 71
52 53 740 37
52 99 2400 179
52 187 2400 156
53 54 740 37
53 174 2360 118
55 2 2400 347
55 4 2400 578
55 39 2400 443
55 45 7800 390
55 52 2400 427
55 56 480 24
55 59 2400 461
55 62 2400 205
55 87 2400 323
55 104 2400 243
55 106 2400 313
55 127 2400 577
55 129 2400 666
55 134 2400 585
55 136 2400 684
55 144 9220 461
55 162 2400 440
55 179 2400 135
56 17 10020 501
56 57 300 15
56 72 2660 133
56 91 10740 537
56 124 2400 631
56 160 2400 261
56 182 4440 222
56 195 1360 68
57 49 6100 305
57 58 980 49
57 123 6700 335
57 145 2400 336
57 153 2400 482
57 183 2400 350
58 4 2400 159
58 18 2400 311
58 39 480 24
58 59 840 42
58 127 2400 158
58 129 2400 247
58 134 2400 166
58 136 2400 265
58 144 840 42
58 162 420 21
59 41 3120 156
59 128 2720 136
59 135 2900 145
59 151 640 32
59 163 420 21
60 11 2140 107
60 24 2400 444
60 31 2400 678
60 75 1480 74
60 131 12480 624
60 138 2400 194
60 139 2400 624
61 2 2400 159
61 4 2400 390
61 18 2400 542
61 39 2400 255
61 45 4040 202
61 52 2400 239
61 59 2400 273
61 62 340 17
61 87 2400 135
61 104 1100 55
61 106 2400 125
61 127 2400 389
61 129 2400 478
61 134 2400 397
61 136 2400 496
61 144 5460 273
61 162 2400 252
62 15 3520 176
62 32 2400 210
62 40 5120 256
62 41 8240 412
62 69 2400 154
62 80 960 48
62 88 800 40
62 89 4160 208
62 95 2400 173
62 122 1840 92
62 128 7840 392
62 135 8020 401
62 151 2400 288
62 159 520 26
62 163 5540 277
63 6 1400 70
63 22 2400 157
63 28 2320 116
63 37 2400 287
63 46 2400 588
63 64 900 45
63 65 2400 288
63 73 2400 491
63 77 1820 91
63 82 11820 591
63 94 2400 473
63 101 2240 112
63 132 2400 581
63 177 2400 630
63 180 2400 476
63 196 8000 400
64 17 12980 649
64 36 1980 99
64 57 3260 163
64 72 5620 281
64 78 1220 61
64 86 1440 72
64 91 13700 685
64 160 2400 409
64 182 7400 370
64 195 4320 216
65 13 320 16
65 15 4120 206
65 32 2400 240
65 40 5720 286
65 41 8840 442
65 47 800 40
65 66 320 16
65 69 2400 184
65 80 1560 78
65 88 1400 70
65 89 4760 238
65 95 2400 203
65 122 2400 122
65 128 8440 422
65 135 8620 431
65 151 2400 318
65 159 1120 56
65 163 6140 307
65 181 340 17
66 3 2680 134
66 48 2800 140
66 70 2400 188
66 110 720 36
66 152 6340 317
66 156 2400 153
67 54 2400 599
67 68 320 16
67 83 2400 396
67 98 2400 466
67 103 680 34
67 111 2400 275
67 118 1000 50
67 121 2400 309
67 142 2400 534
67 149 760 38
67 155 2400 284
67 164 2400 455
67 166 2400 286
67 174 2400 680
67 186 2400 442
67 197 2400 197
68 14 780 39
68 44 780 39
68 81 2500 125
68 97 3980 199
68 120 820 41
68 171 4520 226
68 199 1600 80
69 70 400 20
69 152 2980 149
70 53 520 26
70 99 2400 168
70 187 2400 145
71 17 8520 426
71 72 1160 58
71 91 9240 462
71 124 2400 556
71 160 2400 186
71 182 2940 147
72 42 2400 416
72 46 2400 140
72 50 2400 404
72 73 860 43
72 82 2860 143
72 92 2400 446
72 94 500 25
72 132 2400 133
72 173 8600 430
72 177 2400 182
72 180 560 28
73 53 2120 106
73 99 2400 248
73 141 700 35
73 187 2400 225
74 11 1060 53
74 16 13900 695
74 24 2400 390
74 31 2400 624
74 75 400 20
74 131 11400 570
74 138 2400 140
74 139 2400 570
74 185 14020 701
75 14 2400 451
75 44 9020 451
75 76 500 25
75 81 10740 537
75 97 12220 611
75 102 4180 209
75 108 3700 185
75 120 9060 453
75 171 12760 638
75 192 3100 155
75 199 2400 492
76 22 1880 94
76 28 1060 53
76 37 2400 224
76 46 2400 525
76 65 2400 225
76 73 2400 428
76 77 560 28
76 82 10560 528
76 94 2400 410
76 101 980 49
76 132 2400 518
76 177 2400 567
76 180 2400 413
76 196 6740 337
77 17 12060 603
77 36 1060 53
77 57 2340 117
77 72 4700 235
77 78 300 15
77 86 520 26
77 91 12780 639
77 160 2400 363
77 182 6480 324
77 195 3400 170
78 1 2600 130
78 3 7540 377
78 38 4900 245
78 48 7660 383
78 51 4040 202
78 70 2400 431
78 79 800 40
78 96 4060 203
78 110 5580 279
78 113 2400 143
78 117 1080 54
78 140 3220 161
78 148 980 49
78 152 11200 560
78 156 2400 396
78 170 4940 247
78 184 4980 249
78 190 2400 159
79 15 3580 179
79 32 2400 213
79 40 5180 259
79 41 8300 415
79 69 2400 157
79 80 1020 51
79 88 860 43
79 89 4220 211
79 95 2400 176
79 122 1900 95
79 128 7900 395
79 135 8080 404
79 151 2400 291
79 159 580 29
79 163 5600 280
80 81 1140 57
80 97 2620 131
80 171 3160 158
81 42 2400 289
81 50 2400 277
81 82 320 16
81 92 2400 319
81 173 6060 303
81 177 1100 55
82 54 2400 233
82 83 600 30
82 98 2000 100
82 142 2400 168
82 164 1780 89
82 174 2400 314
82 186 1520 76
83 152 1340 67
84 2 2400 460
84 4 2400 691
84 39 2400 556
84 45 10060 503
84 52 2400 540
84 56 2740 137
84 59 2400 574
84 62 2400 318
84 85 520 26
84 87 2400 436
84 104 2400 356
84 106 2400 426
84 127 2400 690
84 134 2400 698
84 144 11480 574
84 162 2400 553
84 179 2400 248
85 17 12240 612
85 36 1240 62
85 57 2520 126
85 72 4880 244
85 78 480 24
85 86 700 35
85 91 12960 648
85 160 2400 372
85 182 6660 333
85 195 3580 179
86 1 2380 119
86 3 7320 366
86 38 4680 234
86 48 7440 372
86 51 3820 191
86 70 2400 420
86 79 580 29
86 96 3840 192
86 110 5360 268
86 113 2400 132
86 117 860 43
86 140 3000 150
86 148 760 38
86 152 10980 549
86 156 2400 385
86 170 4720 236
86 184 4760 238
86 190 2400 148
87 15 1160 58
87 32 1840 92
87 40 2760 138
87 41 5880 294
87 69 720 36
87 89 1800 90
87 95 1100 55
87 128 5480 274
87 135 5660 283
87 151 2400 170
87 163 3180 159
88 16 3500 175
88 31 2080 104
88 90 4300 215
88 131 1000 50
88 139 1000 50
88 172 2400 299
88 185 3620 181
89 90 940 47
89 172 2400 131
90 91 420 21
90 124 2300 115
91 92 840 42
91 173 520 26
93 17 9300 465
93 72 1940 97
93 91 10020 501
93 124 2400 595
93 160 2400 225
93 182 3720 186
93 195 640 32
94 15 420 21
94 32 1100 55
94 40 2020 101
94 41 5140 257
94 89 1060 53
94 95 360 18
94 128 4740 237
94 135 4920 246
94 151 2400 133
94 163 2440 122
95 53 660 33
95 99 2400 175
95 187 2400 152
96 97 960 48
96 171 1500 75
97 54 2400 178
97 98 900 45
97 142 2260 113
97 164 680 34
97 174 2400 259
97 186 420 21
98 99 880 44
98 187 420 21
100 14 2400 521
100 44 10420 521
100 76 1900 95
100 81 12140 607
100 97 13620 681
100 102 5580 279
100 108 5100 255
100 120 10460 523
100 171 14160 708
100 192 4500 225
100 199 2400 562
101 14 2400 273
101 44 5460 273
101 81 7180 359
101 97 8660 433
101 102 620 31
101 120 5500 275
101 171 9200 460
101 199 2400 314
102 54 2400 580
102 83 2400 377
102 98 2400 447
102 103 300 15
102 111 2400 256
102 118 620 31
102 121 2400 290
102 142 2400 515
102 149 380 19
102 155 2400 265
102 164 2400 436
102 166 2400 267
102 174 2400 661
102 186 2400 423
102 197 2400 178
103 2 2380 119
103 4 2400 350
103 18 2400 502
103 39 2400 215
103 45 3240 162
103 52 2400 199
103 59 2400 233
103 87 1900 95
103 104 300 15
103 106 1700 85
103 127 2400 349
103 129 2400 438
103 134 2400 357
103 136 2400 456
103 144 4660 233
103 162 2400 212
104 15 2760 138
104 32 2400 172
104 40 4360 218
104 41 7480 374
104 69 2320 116
104 89 3400 170
104 95 2400 135
104 122 1080 54
104 128 7080 354
104 135 7260 363
104 151 2400 250
104 163 4780 239
105 13 2100 105
105 15 5900 295
105 32 2400 329
105 40 7500 375
105 41 10620 531
105 47 2580 129
105 66 2100 105
105 69 2400 273
105 80 3340 167
105 88 3180 159
105 89 6540 327
105 95 2400 292
105 109 1960 98
105 122 2400 211
105 125 1660 83
105 128 10220 511
105 133 1200 60
105 135 10400 520
105 151 2400 407
105 159 2900 145
105 163 7920 396
105 181 2120 106
106 53 3020 151
106 99 2400 293
106 141 1600 80
106 187 2400 270
107 14 2400 293
107 44 5860 293
107 81 7580 379
107 97 9060 453
107 102 1020 51
107 108 540 27
107 120 5900 295
107 171 9600 480
107 199 2400 334
108 16 7440 372
108 24 1340 67
108 31 2400 301
108 90 8240 412
108 131 4940 247
108 139 2400 247
108 172 2400 496
108 185 7560 378
109 3 2820 141
109 48 2940 147
109 70 2400 195
109 110 860 43
109 152 6480 324
109 156 2400 160
110 54 2400 347
110 83 2400 144
110 98 2400 214
110 111 460 23
110 121 1140 57
110 142 2400 282
110 155 640 32
110 164 2400 203
110 166 680 34
110 174 2400 428
110 186 2400 190
111 41 3020 151
111 128 2620 131
111 135 2800 140
111 151 540 27
111 163 320 16
112 0 2400 120
112 13 5440 272
112 15 9240 462
112 23 3340 167
112 32 2400 496
112 40 10840 542
112 41 13960 698
112 47 5920 296
112 55 540 27
112 66 2400 272
112 69 2400 440
112 80 6680 334
112 88 6520 326
112 89 9880 494
112 95 2400 459
112 109 2400 265
112 122 2400 378
112 125 2400 250
112 128 13560 678
112 133 2400 227
112 135 13740 687
112 151 2400 574
112 159 6240 312
112 163 11260 563
112 181 5460 273
112 189 2400 167
113 53 6280 314
113 99 2400 456
113 126 2200 110
113 141 4860 243
113 176 760 38
113 187 2400 433
114 8 2400 295
114 30 7740 387
114 34 1420 71
114 58 10080 504
114 147 1940 97
114 169 2400 375
115 54 2400 706
115 68 2460 123
115 83 2400 503
115 98 2400 573
115 103 2820 141
115 111 2400 382
115 116 560 28
115 118 2400 157
115 121 2400 416
115 142 2400 641
115 149 2400 145
115 155 2400 391
115 164 2400 562
115 166 2400 393
115 168 860 43
115 186 2400 549
115 193 2320 116
115 197 2400 304
116 1 2240 112
116 3 7180 359
116 38 4540 227
116 48 7300 365
116 51 3680 184
116 70 2400 413
116 79 440 22
116 96 3700 185
116 110 5220 261
116 113 2400 125
116 117 720 36
116 140 2860 143
116 148 620 31
116 152 10840 542
116 156 2400 378
116 170 4580 229
116 184 4620 231
116 190 2400 141
117 54 2400 572
117 83 2400 369
117 98 2400 439
117 111 2400 248
117 118 460 23
117 121 2400 282
117 142 2400 507
117 155 2400 257
117 164 2400 428
117 166 2400 259
117 174 2400 653
117 186 2400 415
117 197 2400 170
118 3 4600 230
118 38 1960 98
118 48 4720 236
118 51 1100 55
118 70 2400 284
118 96 1120 56
118 110 2640 132
118 152 8260 413
118 156 2400 249
118 170 2000 100
118 184 2040 102
119 14 880 44
119 44 880 44
119 81 2600 130
119 97 4080 204
119 120 920 46
119 171 4620 231
119 199 1700 85
120 54 2400 336
120 83 2400 133
120 98 2400 203
120 121 920 46
120 142 2400 271
120 155 420 21
120 164 2400 192
120 166 460 23
120 174 2400 417
120 186 2400 179
121 53 1180 59
121 99 2400 201
121 187 2400 178
122 3 560 28
122 48 680 34
122 70 1640 82
122 152 4220 211
122 156 940 47
123 124 620 31
125 53 4840 242
125 99 2400 384
125 126 760 38
125 141 3420 171
125 187 2400 361
126 4 560 28
126 18 2400 180
126 127 540 27
126 129 2320 116
126 134 700 35
126 136 2400 134
127 41 800 40
127 128 400 20
127 135 580 29
128 18 1580 79
128 129 300 15
128 136 660 33
130 16 3000 150
130 31 1580 79
130 90 3800 190
130 131 500 25
130 139 500 25
130 172 2400 274
130 185 3120 156
131 42 2400 318
131 46 840 42
131 50 2400 306
131 82 900 45
131 92 2400 348
131 132 700 35
131 173 6640 332
131 177 1680 84
132 53 320 16
132 99 2400 158
132 187 2400 135
133 53 5300 265
133 99 2400 407
133 126 1220 61
133 141 3880 194
133 187 2400 384
134 41 640 32
134 135 420 21
135 18 1400 70
135 136 480 24
137 16 11880 594
137 24 2400 289
137 31 2400 523
137 90 12680 634
137 131 9380 469
137 138 780 39
137 139 2400 469
137 172 2400 718
137 185 12000 600
138 9 1640 82
138 53 10200 510
138 99 2400 652
138 126 6120 306
138 130 620 31
138 141 8780 439
138 143 1940 97
138 150 3420 171
138 154 1280 64
138 176 4680 234
138 187 2400 629
139 15 920 46
139 32 1600 80
139 40 2520 126
139 41 5640 282
139 69 480 24
139 89 1560 78
139 95 860 43
139 128 5240 262
139 135 5420 271
139 151 2400 158
139 163 2940 147
140 42 2400 409
140 46 2400 133
140 50 2400 397
140 73 720 36
140 82 2720 136
140 92 2400 439
140 94 360 18
140 132 2400 126
140 173 8460 423
140 177 2400 175
140 180 420 21
141 54 2160 108
141 142 860 43
141 174 2400 189
143 3 3860 193
143 38 1220 61
143 48 3980 199
143 51 360 18
143 70 2400 247
143 96 380 19
143 110 1900 95
143 152 7520 376
143 156 2400 212
143 170 1260 63
143 184 1300 65
144 123 440 22
144 145 460 23
144 153 2400 169
144 183 740 37
145 99 1860 93
145 187 1400 70
146 8 2400 241
146 30 6660 333
146 34 340 17
146 49 14120 706
146 58 9000 450
146 147 860 43
146 169 2400 321
147 7 500 25
147 68 3600 180
147 83 2400 560
147 98 2400 630
147 103 3960 198
147 111 2400 439
147 116 1700 85
147 118 2400 214
147 121 2400 473
147 142 2400 698
147 149 2400 202
147 155 2400 448
147 164 2400 619
147 166 2400 450
147 168 2000 100
147 186 2400 606
147 193 2400 173
147 197 2400 361
148 54 2400 577
148 83 2400 374
148 98 2400 444
148 111 2400 253
148 118 560 28
148 121 2400 287
148 142 2400 512
148 149 320 16
148 155 2400 262
148 164 2400 433
148 166 2400 264
148 174 2400 658
148 186 2400 420
148 197 2400 175
149 15 3040 152
149 32 2400 186
149 40 4640 232
149 41 7760 388
149 69 2400 130
149 80 480 24
149 88 320 16
149 89 3680 184
149 95 2400 149
149 122 1360 68
149 128 7360 368
149 135 7540 377
149 151 2400 264
149 163 5060 253
150 54 2400 376
150 83 2400 173
150 98 2400 243
150 111 1040 52
150 121 1720 86
150 142 2400 311
150 155 1220 61
150 164 2400 232
150 166 1260 63
150 174 2400 457
150 186 2400 219
151 152 300 15
152 153 480 24
154 3 4520 226
154 38 1880 94
154 48 4640 232
154 51 1020 51
154 70 2400 280
154 96 1040 52
154 110 2560 128
154 152 8180 409
154 156 2400 245
154 170 1920 96
154 184 1960 98
155 70 1000 50
155 152 3580 179
155 156 300 15
156 53 1220 61
156 99 2400 203
156 187 2400 180
157 7 1580 79
157 68 4680 234
157 83 2400 614
157 98 2400 684
157 103 5040 252
157 111 2400 493
157 116 2400 139
157 118 2400 268
157 121 2400 527
157 149 2400 256
157 155 2400 502
157 158 500 25
157 164 2400 673
157 166 2400 504
157 168 3080 154
157 186 2400 660
157 193 2400 227
157 197 2400 415
158 1 4520 226
158 3 9460 473
158 38 6820 341
158 48 9580 479
158 51 5960 298
158 70 2400 527
158 79 2400 136
158 96 5980 299
158 110 7500 375
158 113 2400 239
158 115 320 16
158 117 3000 150
158 140 5140 257
158 148 2900 145
158 152 13120 656
158 156 2400 492
158 161 2200 110
158 170 6860 343
158 175 1320 66
158 184 6900 345
158 190 2400 255
159 17 5100 255
159 91 5820 291
159 124 2400 385
159 160 300 15
160 3 580 29
160 48 700 35
160 70 1660 83
160 152 4240 212
160 156 960 48
161 30 400 20
161 49 7860 393
161 58 2740 137
161 123 8460 423
161 145 2400 424
161 153 2400 570
161 183 2400 438
162 40 420 21
162 41 3540 177
162 128 3140 157
162 135 3320 166
162 151 1060 53
162 163 840 42
163 54 2400 160
163 98 540 27
163 142 1900 95
163 164 320 16
163 174 2400 241
165 14 2060 103
165 44 2060 103
165 81 3780 189
165 97 5260 263
165 120 2100 105
165 171 5800 290
165 199 2400 144
166 53 1640 82
166 99 2400 224
166 187 2400 201
167 1 6300 315
167 3 11240 562
167 35 1940 97
167 38 8600 430
167 43 1880 94
167 48 11360 568
167 51 7740 387
167 70 2400 616
167 79 2400 225
167 96 7760 388
167 110 9280 464
167 113 2400 328
167 115 2100 105
167 117 4780 239
167 140 6920 346
167 148 4680 234
167 156 2400 581
167 161 3980 199
167 170 8640 432
167 175 3100 155
167 184 8680 434
167 190 2400 344
168 30 640 32
168 49 8100 405
168 58 2980 149
168 123 8700 435
168 145 2400 436
168 153 2400 582
168 169 400 20
168 183 2400 450
169 15 1820 91
169 32 2400 125
169 40 3420 171
169 41 6540 327
169 69 1380 69
169 89 2460 123
169 95 1760 88
169 128 6140 307
169 135 6320 316
169 151 2400 203
169 163 3840 192
170 171 620 31
171 172 860 43
172 41 660 33
172 135 440 22
173 174 540 27
175 37 460 23
175 42 2400 600
175 46 2400 324
175 50 2400 588
175 65 480 24
175 73 2400 227
175 82 6540 327
175 92 2400 630
175 94 2400 209
175 132 2400 317
175 173 12280 614
175 177 2400 366
175 180 2400 212
175 196 2720 136
176 42 2400 249
176 50 2400 237
176 92 2400 279
176 173 5260 263
176 177 300 15
177 152 1400 70
178 2 2400 244
178 4 2400 475
178 18 2400 627
178 39 2400 340
178 45 5740 287
178 52 2400 324
178 59 2400 358
178 62 2040 102
178 87 2400 220
178 104 2400 140
178 106 2400 210
178 127 2400 474
178 129 2400 563
178 134 2400 482
178 136 2400 581
178 144 7160 358
178 162 2400 337
178 179 640 32
179 3 4780 239
179 38 2140 107
179 48 4900 245
179 51 1280 64
179 70 2400 293
179 96 1300 65
179 110 2820 141
179 140 460 23
179 152 8440 422
179 156 2400 258
179 170 2180 109
179 184 2220 111
179 190 420 21
180 53 2420 121
180 99 2400 263
180 141 1000 50
180 187 2400 240
181 17 5880 294
181 91 6600 330
181 124 2400 424
181 160 1080 54
181 182 300 15
182 4 2400 142
182 18 2400 294
182 59 500 25
182 127 2400 141
182 129 2400 230
182 134 2400 149
182 136 2400 248
182 144 500 25
184 90 1000 50
184 172 2400 134
184 185 320 16
185 54 2400 178
185 98 900 45
185 142 2260 113
185 164 680 34
185 174 2400 259
185 186 420 21
186 99 1360 68
186 187 900 45
188 13 2680 134
188 15 6480 324
188 23 580 29
188 32 2400 358
188 40 8080 404
188 41 11200 560
188 47 3160 158
188 66 2400 134
188 69 2400 302
188 80 3920 196
188 88 3760 188
188 89 7120 356
188 95 2400 321
188 109 2400 127
188 122 2400 240
188 125 2240 112
188 128 10800 540
188 133 1780 89
188 135 10980 549
188 151 2400 436
188 159 3480 174
188 163 8500 425
188 181 2700 135
188 189 580 29
189 3 4780 239
189 38 2140 107
189 48 4900 245
189 51 1280 64
189 70 2400 293
189 96 1300 65
189 110 2820 141
189 140 460 23
189 152 8440 422
189 156 2400 258
189 170 2180 109
189 184 2220 111
189 190 420 21
190 53 5960 298
190 99 2400 440
190 126 1880 94
190 141 4540 227
190 176 440 22
190 187 2400 417
191 14 2400 350
191 44 7000 350
191 81 8720 436
191 97 10200 510
191 102 2160 108
191 108 1680 84
191 120 7040 352
191 171 10740 537
191 192 1080 54
191 199 2400 391
192 54 2400 634
192 68 1020 51
192 83 2400 431
192 98 2400 501
192 103 1380 69
192 111 2400 310
192 118 1700 85
192 121 2400 344
192 142 2400 569
192 149 1460 73
192 155 2400 319
192 164 2400 490
192 166 2400 321
192 174 2400 715
192 186 2400 477
192 193 880 44
192 197 2400 232
193 53 7180 359
193 99 2400 501
193 126 3100 155
193 141 5760 288
193 150 400 20
193 176 1660 83
193 187 2400 478
194 17 9060 453
194 72 1700 85
194 91 9780 489
194 124 2400 583
194 160 2400 213
194 182 3480 174
194 195 400 20
195 42 2400 481
195 46 2400 205
195 50 2400 469
195 73 2160 108
195 82 4160 208
195 92 2400 511
195 94 1800 90
195 132 2400 198
195 173 9900 495
195 177 2400 247
195 180 1860 93
195 196 340 17
196 54 2400 424
196 83 2400 221
196 98 2400 291
196 111 2000 100
196 121 2400 134
196 142 2400 359
196 155 2180 109
196 164 2400 280
196 166 2220 111
196 174 2400 505
196 186 2400 267
196 197 440 22
197 53 3420 171
197 99 2400 313
197 141 2000 100
197 187 2400 290
198 81 1840 92
198 97 3320 166
198 171 3860 193
198 199 940 47
199 53 1360 68
199 99 2400 210
199 187 2400 187
