// The instance basic information 
nbCities:5; nbDepots:2; size:180 180;nbTrips:300;nbCombinedTrips75;planningHorizon:0-2880;maxDriving:540;maxWorking:720
// The number of cities is 
5
// The number of depots is 
2
// The max number of vehicles is 
61
// The max number of drivers is 
61
// The number of trips is 
300
// The minPlanTime is 
15
// The short Time for driver is 
20
// The short Time for vehicle is 
20
// The maximum driving time is 
540
// The maximum working time is 
720
// The cost of using driver is 
4000
// The cost of using vehicle is 
100000
// The cost of driver changeover penalty per change is 
30
// The max percentage of combined trips is  
0.25
// The maxPlanTime is 
720

//Here are the cities: idOfCity 	 nameOfCity 	 coordinateX 	 coordinateY 
0 C0 132 25
1 C1 88 121
2 C2 95 55
3 C3 78 86
4 C4 113 57
//Depots:  
// idOfDepot  	 indexOfDepotAsStartingPoint 	 indexOfDepotAsEndingPoint 	 idCityAsDepot
0 300 302 3
1 301 303 4
//Trips: idOfTrip 	 idOfStartCity 	 idEndCity	 departureTime 	 arrivalTime 	 nbCombinedVehicleInThisTrip
0 4 2 1376 1394 1
1 2 3 1414 1449 1
2 3 4 1478 1523 2
3 4 1 1565 1633 1
4 1 4 1687 1755 2
5 4 3 1777 1822 1
6 3 2 1838 1873 1
7 2 4 1895 1913 2
8 4 3 2083 2128 2
9 3 0 2154 2235 1
10 0 2 2268 2315 1
11 2 4 2373 2391 2
12 4 2 2427 2445 2
13 2 3 2504 2539 2
14 3 4 2573 2618 1
15 3 1 1567 1603 1
16 4 0 1797 1834 1
17 0 1 1893 1998 2
18 1 3 2043 2079 2
19 3 2 154 189 2
20 2 1 240 306 1
21 1 3 359 395 2
22 3 4 443 488 2
23 4 2 530 548 2
24 2 3 577 612 2
25 4 0 20 57 1
26 0 3 83 164 1
27 3 4 211 256 1
28 4 0 273 310 1
29 0 2 367 414 1
30 2 0 448 495 2
31 0 4 521 558 2
32 4 2 683 701 2
33 2 1 723 789 2
34 1 4 812 880 2
35 4 3 925 970 2
36 3 4 1014 1059 2
37 4 0 1094 1131 1
38 0 4 1164 1201 2
39 4 2 2093 2111 1
40 2 1 2142 2208 1
41 1 4 2226 2294 1
42 2 0 2484 2531 1
43 0 4 2567 2604 1
44 4 3 1083 1128 2
45 3 1 1158 1194 1
46 1 3 1247 1283 1
47 3 0 1306 1387 2
48 0 1 1413 1518 2
49 1 4 1553 1621 1
50 3 4 665 710 2
51 4 2 738 756 2
52 2 1 783 849 2
53 1 4 898 966 1
54 3 2 2111 2146 1
55 2 1 2183 2249 1
56 1 3 2286 2322 1
57 3 0 2353 2434 1
58 0 2 2473 2520 1
59 2 3 2549 2584 1
60 4 2 1598 1616 2
61 2 1 1641 1707 1
62 1 2 1726 1792 1
63 4 0 1956 1993 1
64 0 4 2019 2056 2
65 4 2 2083 2101 1
66 2 4 2117 2135 1
67 3 2 367 402 1
68 0 3 549 630 1
69 4 2 731 749 2
70 1 3 870 906 2
71 4 3 1325 1370 2
72 4 3 1570 1615 1
73 3 2 1643 1678 1
74 2 4 1726 1744 2
75 4 0 1766 1803 2
76 0 4 1825 1862 2
77 3 4 2003 2048 2
78 3 4 2174 2219 1
79 4 2 2257 2275 2
80 4 2 2416 2434 1
81 2 4 2461 2479 1
82 4 3 2496 2541 1
83 3 2 462 497 1
84 3 2 642 677 1
85 1 3 813 849 1
86 3 1 884 920 2
87 1 3 944 980 2
88 3 1 1528 1564 1
89 1 4 1619 1687 1
90 0 4 1827 1864 1
91 4 2 1911 1929 1
92 2 1 1945 2011 1
93 1 3 2031 2067 1
94 4 3 87 132 1
95 2 1 219 285 1
96 3 4 440 485 2
97 2 4 583 601 2
98 3 2 1444 1479 1
99 2 1 1533 1599 1
100 1 2 1624 1690 2
101 4 3 1788 1833 1
102 3 1 1872 1908 1
103 1 3 1938 1974 2
104 3 4 539 584 1
105 2 3 757 792 2
106 1 2 953 1019 1
107 2 3 1040 1075 2
108 3 4 1578 1623 2
109 4 2 1671 1689 1
110 2 0 1704 1751 1
111 4 3 1891 1936 2
112 4 3 2070 2115 1
113 3 0 1244 1325 2
114 1 0 1551 1656 1
115 0 4 1677 1714 1
116 4 3 1737 1782 1
117 3 4 1036 1081 1
118 4 3 1104 1149 2
119 0 3 1380 1461 1
120 3 1 1480 1516 1
121 1 3 1536 1572 1
122 4 0 149 186 1
123 0 3 237 318 1
124 4 3 543 588 2
125 3 4 617 662 2
126 4 3 643 688 2
127 3 4 746 791 2
128 3 1 995 1031 1
129 1 2 1046 1112 1
130 2 4 1133 1151 2
131 4 3 289 334 2
132 4 1 512 580 1
133 1 4 613 681 1
134 2 4 786 804 2
135 3 4 670 715 1
136 4 3 740 785 1
137 3 2 826 861 1
138 2 4 889 907 2
139 4 3 946 991 1
140 4 3 1085 1130 1
141 4 0 1840 1877 1
142 4 1 2091 2159 1
143 1 3 2202 2238 1
144 3 1 2253 2289 1
145 1 4 2310 2378 1
146 4 2 409 427 2
147 2 0 453 500 2
148 4 3 584 629 1
149 4 0 844 881 1
150 0 4 909 946 2
151 4 2 1059 1077 1
152 4 1 1205 1273 1
153 1 4 1309 1377 2
154 4 3 1403 1448 1
155 3 4 1478 1523 1
156 4 2 1545 1563 1
157 2 4 1579 1597 1
158 4 0 1791 1828 1
159 1 4 2033 2101 1
160 4 0 2126 2163 1
161 0 2 2189 2236 1
162 2 4 2266 2284 1
163 3 4 256 301 2
164 2 3 485 520 1
165 4 3 718 763 1
166 4 3 65 110 1
167 4 2 340 358 2
168 0 2 523 570 1
169 2 4 585 603 1
170 3 0 1242 1323 1
171 0 3 1352 1433 1
172 4 0 1646 1683 1
173 0 3 1699 1780 1
174 3 0 470 551 1
175 0 2 600 647 2
176 3 2 833 868 1
177 4 3 949 994 1
178 3 4 1442 1487 1
179 2 3 1643 1678 2
180 3 2 1713 1748 1
181 2 4 1780 1798 1
182 3 4 269 314 1
183 2 4 415 433 1
184 3 0 616 697 1
185 0 2 712 759 1
186 2 3 774 809 1
187 3 1 1637 1673 1
188 1 0 1705 1810 2
189 0 3 1865 1946 2
190 3 1 1971 2007 2
191 4 1 628 696 1
192 4 2 918 936 2
193 3 2 1096 1131 1
194 2 4 1146 1164 1
195 4 2 1516 1534 2
196 3 2 1735 1770 1
197 2 1 1790 1856 1
198 3 4 1997 2042 1
199 4 1 1537 1605 1
200 0 1 1868 1973 1
201 1 4 1992 2060 1
202 3 1 331 367 1
203 1 0 394 499 2
204 2 4 692 710 1
205 2 4 773 791 1
206 4 3 810 855 1
207 4 1 303 371 1
208 0 1 550 655 2
209 1 4 707 775 1
210 4 2 791 809 1
211 2 4 824 842 1
212 4 2 1023 1041 1
213 2 0 1069 1116 1
214 4 3 1225 1270 1
215 0 4 1429 1466 1
216 4 2 1495 1513 1
217 2 4 1532 1550 1
218 4 3 622 667 1
219 3 1 718 754 2
220 3 1 944 980 1
221 1 3 997 1033 1
222 3 4 1070 1115 1
223 3 0 1672 1753 1
224 3 0 1993 2074 1
225 0 4 2106 2143 1
226 4 3 2161 2206 1
227 3 4 2101 2146 1
228 2 1 2304 2370 1
229 1 4 2404 2472 1
230 4 2 2514 2532 1
231 2 3 2555 2590 1
232 4 1 594 662 1
233 1 2 678 744 1
234 4 1 855 923 1
235 3 4 1013 1058 1
236 4 2 1073 1091 1
237 2 4 1113 1131 1
238 3 4 196 241 1
239 3 1 383 419 1
240 1 0 441 546 1
241 0 4 584 621 1
242 4 2 533 551 1
243 4 3 623 668 1
244 1 4 781 849 1
245 2 3 960 995 1
246 3 4 1016 1061 1
247 3 4 959 1004 1
248 3 1 1196 1232 1
249 4 3 1410 1455 1
250 4 1 1258 1326 1
251 1 0 1345 1450 1
252 0 1 1491 1596 1
253 2 4 1721 1739 2
254 4 0 475 512 1
255 1 0 706 811 1
256 4 0 1095 1132 1
257 0 4 1177 1214 1
258 3 2 1400 1435 1
259 2 4 1472 1490 1
260 2 4 1572 1590 1
261 3 0 1426 1507 1
262 0 2 1544 1591 1
263 4 1 1789 1857 1
264 1 3 1886 1922 1
265 3 1 2087 2123 1
266 1 3 2140 2176 1
267 3 0 2203 2284 1
268 0 2 2309 2356 1
269 4 3 1859 1904 1
270 1 4 2064 2132 1
271 4 2 2152 2170 1
272 2 3 2212 2247 1
273 3 2 2282 2317 1
274 2 4 2368 2386 1
275 3 4 716 761 1
276 4 3 782 827 1
277 3 0 877 958 1
278 0 3 991 1072 1
279 3 4 1116 1161 1
280 4 2 1187 1205 1
281 2 3 1220 1255 1
282 3 4 1032 1077 1
283 4 0 1092 1129 1
284 0 3 1173 1254 1
285 3 2 1270 1305 1
286 2 4 1357 1375 1
287 4 0 1422 1459 1
288 0 3 1477 1558 1
289 3 1 1808 1844 1
290 1 4 1873 1941 1
291 4 0 1959 1996 1
292 0 4 2030 2067 1
293 4 1 2104 2172 1
294 1 4 2212 2280 1
295 4 3 2299 2344 1
296 4 2 1670 1688 1
297 2 4 1705 1723 1
298 4 3 844 889 1
299 3 4 925 970 1
//Vehicles: idOfVehicle idOfStartingDepot nbTrips
0 -1 300
1 -1 300
2 -1 300
3 -1 300
4 -1 300
5 -1 300
6 -1 300
7 -1 300
8 -1 300
9 -1 300
10 -1 300
11 -1 300
12 -1 300
13 -1 300
14 -1 300
15 -1 300
16 -1 300
17 -1 300
18 -1 300
19 -1 300
20 -1 300
21 -1 300
22 -1 300
23 -1 300
24 -1 300
25 -1 300
26 -1 300
27 -1 300
28 -1 300
29 -1 300
30 -1 300
31 -1 300
32 -1 300
33 -1 300
34 -1 300
35 -1 300
36 -1 300
37 -1 300
38 -1 300
39 -1 300
40 -1 300
41 -1 300
42 -1 300
43 -1 300
44 -1 300
45 -1 300
46 -1 300
47 -1 300
48 -1 300
49 -1 300
50 -1 300
51 -1 300
52 -1 300
53 -1 300
54 -1 300
55 -1 300
56 -1 300
57 -1 300
58 -1 300
59 -1 300
60 -1 300
//Drivers :idOfDriver idOfStartingDepot idOfEndingDepot nbTrips
0 -1 300
1 -1 300
2 -1 300
3 -1 300
4 -1 300
5 -1 300
6 -1 300
7 -1 300
8 -1 300
9 -1 300
10 -1 300
11 -1 300
12 -1 300
13 -1 300
14 -1 300
15 -1 300
16 -1 300
17 -1 300
18 -1 300
19 -1 300
20 -1 300
21 -1 300
22 -1 300
23 -1 300
24 -1 300
25 -1 300
26 -1 300
27 -1 300
28 -1 300
29 -1 300
30 -1 300
31 -1 300
32 -1 300
33 -1 300
34 -1 300
35 -1 300
36 -1 300
37 -1 300
38 -1 300
39 -1 300
40 -1 300
41 -1 300
42 -1 300
43 -1 300
44 -1 300
45 -1 300
46 -1 300
47 -1 300
48 -1 300
49 -1 300
50 -1 300
51 -1 300
52 -1 300
53 -1 300
54 -1 300
55 -1 300
56 -1 300
57 -1 300
58 -1 300
59 -1 300
60 -1 300
//Graph arcs for trips can be performed successively: 
// idStartTrip idEndTrip costForVehicle costForDriver
0 1 400 20
0 7 2400 501
0 61 4940 247
0 74 2400 332
0 92 11020 551
0 99 2780 139
0 110 6200 310
0 157 2400 185
0 179 2400 249
0 181 2400 386
0 197 7920 396
0 217 2400 138
0 253 2400 327
0 259 1560 78
0 260 2400 178
0 297 2400 311
1 2 580 29
1 6 7780 389
1 9 14100 705
1 15 2360 118
1 54 13240 662
1 73 3880 194
1 77 2400 554
1 88 1580 79
1 102 8460 423
1 108 2400 129
1 120 620 31
1 155 580 29
1 180 5280 264
1 187 3760 188
1 190 10440 522
1 196 5720 286
1 198 2400 548
1 223 4460 223
1 224 10880 544
1 227 2400 652
1 265 12760 638
1 289 7180 359
2 3 840 42
2 5 2400 254
2 8 2400 560
2 16 5480 274
2 39 11400 570
2 60 1500 75
2 63 8660 433
2 65 11200 560
2 72 940 47
2 75 4860 243
2 91 7760 388
2 101 2400 265
2 109 2960 148
2 111 2400 368
2 112 2400 547
2 116 2400 214
2 141 6340 317
2 142 11360 568
2 156 440 22
2 158 5360 268
2 160 12060 603
2 172 2460 123
2 226 2400 638
2 263 5320 266
2 269 2400 336
2 271 12580 629
2 291 8720 436
2 293 11620 581
2 296 2940 147
3 4 1080 54
3 18 2400 410
3 41 2400 593
3 56 2400 653
3 62 1860 93
3 93 2400 398
3 103 2400 305
3 143 2400 569
3 145 2400 677
3 159 2400 400
3 188 1440 72
3 201 2400 359
3 264 2400 253
3 266 2400 507
3 270 2400 431
3 290 2400 240
3 294 2400 579
4 5 440 22
4 8 2400 328
4 12 13440 672
4 16 840 42
4 39 6760 338
4 63 4020 201
4 65 6560 328
4 79 10040 502
4 80 13220 661
4 91 3120 156
4 101 660 33
4 111 2400 136
4 112 2400 315
4 141 1700 85
4 142 6720 336
4 158 720 36
4 160 7420 371
4 226 2400 406
4 263 680 34
4 269 2080 104
4 271 7940 397
4 291 4080 204
4 293 6980 349
4 295 2400 544
5 6 320 16
5 9 6640 332
5 54 5780 289
5 57 10620 531
5 77 2400 181
5 78 2400 352
5 102 1000 50
5 144 8620 431
5 190 2980 149
5 198 2400 175
5 224 3420 171
5 227 2400 279
5 265 5300 265
5 267 7620 381
5 273 9200 460
6 7 440 22
6 11 2400 500
6 13 2400 631
6 40 5380 269
6 42 12220 611
6 55 6200 310
6 59 2400 676
6 66 2400 244
6 81 2400 588
6 92 1440 72
6 162 2400 393
6 228 8620 431
6 231 2400 682
6 272 2400 339
6 274 2400 495
7 8 2400 170
7 12 10280 514
7 39 3600 180
7 63 860 43
7 65 3400 170
7 79 6880 344
7 80 10060 503
7 82 2400 583
7 112 2400 157
7 142 3560 178
7 160 4260 213
7 226 2400 248
7 230 12020 601
7 271 4780 239
7 291 920 46
7 293 3820 191
7 295 2400 386
8 9 520 26
8 14 2400 445
8 57 4500 225
8 78 920 46
8 144 2500 125
8 267 1500 75
8 273 3080 154
9 10 660 33
9 43 2400 332
9 58 4760 238
9 268 1480 74
10 11 1160 58
10 13 2400 189
10 42 3380 169
10 59 2400 234
10 81 2400 146
10 231 2400 240
10 274 1060 53
11 12 720 36
11 80 500 25
11 82 2100 105
11 230 2460 123
12 13 1180 59
12 42 780 39
12 59 2080 104
12 81 320 16
12 231 2200 110
13 14 680 34
15 4 1680 84
15 18 2400 440
15 41 2400 623
15 56 2400 683
15 62 2460 123
15 89 320 16
15 93 2400 428
15 100 420 21
15 103 2400 335
15 143 2400 599
15 145 2400 707
15 159 2400 430
15 188 2040 102
15 201 2400 389
15 264 2400 283
15 266 2400 537
15 270 2400 461
15 290 2400 270
15 294 2400 609
16 10 8680 434
16 17 1180 59
16 58 12780 639
16 64 2400 185
16 161 7100 355
16 189 620 31
16 200 680 34
16 225 2400 272
16 268 9500 475
16 292 2400 196
17 18 900 45
17 41 2400 228
17 56 2400 288
17 93 660 33
17 143 2400 204
17 145 2400 312
17 159 700 35
17 229 2400 406
17 266 2400 142
17 270 1320 66
17 294 2400 214
18 9 1500 75
18 14 2400 494
18 54 640 32
18 57 5480 274
18 78 1900 95
18 144 3480 174
18 227 440 22
18 267 2480 124
18 273 4060 203
19 20 1020 51
19 24 2400 388
19 30 5180 259
19 33 10680 534
19 52 11880 594
19 95 600 30
19 97 2400 394
19 105 2400 568
19 134 2400 597
19 138 2400 700
19 147 5280 264
19 164 2400 296
19 169 2400 396
19 183 2400 226
19 186 2400 585
19 204 2400 503
19 205 2400 584
19 211 2400 635
20 21 1060 53
20 34 2400 506
20 53 2400 592
20 70 2400 564
20 85 2400 507
20 87 2400 638
20 106 12940 647
20 133 2400 307
20 203 1760 88
20 209 2400 401
20 221 2400 691
20 233 7440 372
20 240 2700 135
20 244 2400 475
20 255 8000 400
21 22 960 48
21 36 2400 619
21 50 2400 270
21 83 1340 67
21 84 4940 247
21 86 9780 489
21 96 900 45
21 104 2400 144
21 117 2400 641
21 125 2400 222
21 127 2400 351
21 128 12000 600
21 135 2400 275
21 137 8620 431
21 174 1500 75
21 176 8760 438
21 184 4420 221
21 193 14020 701
21 219 6460 323
21 220 10980 549
21 222 2400 675
21 235 2400 618
21 246 2400 621
21 247 2400 564
21 275 2400 321
21 277 9640 482
21 282 2400 637
21 299 2400 530
22 23 840 42
22 32 3900 195
22 35 2400 437
22 37 12120 606
22 44 2400 595
22 51 5000 250
22 69 4860 243
22 118 2400 616
22 124 1100 55
22 126 2400 155
22 132 480 24
22 136 2400 252
22 139 2400 458
22 140 2400 597
22 148 1920 96
22 149 7120 356
22 151 11420 571
22 152 14340 717
22 165 2400 230
22 177 2400 461
22 191 2800 140
22 192 8600 430
22 206 2400 322
22 210 6060 303
22 212 10700 535
22 218 2400 134
22 232 2120 106
22 234 7340 367
22 236 11700 585
22 242 900 45
22 243 2400 135
22 256 12140 607
22 276 2400 294
22 280 13980 699
22 283 12080 604
22 298 2400 356
23 24 580 29
23 33 3500 175
23 52 4700 235
23 97 700 35
23 105 2400 209
23 107 2400 492
23 130 2400 585
23 134 2400 238
23 138 2400 341
23 169 740 37
23 186 2400 226
23 194 2400 598
23 204 2400 144
23 205 2400 225
23 211 2400 276
23 213 10420 521
23 237 2400 565
23 245 2400 412
23 281 2400 672
24 36 2400 402
24 45 10920 546
24 47 13880 694
24 50 1060 53
24 84 600 30
24 86 5440 272
24 113 12640 632
24 117 2400 424
24 127 2400 134
24 128 7660 383
24 135 1160 58
24 137 4280 214
24 170 12600 630
24 176 4420 221
24 193 9680 484
24 219 2120 106
24 220 6640 332
24 222 2400 458
24 235 2400 401
24 246 2400 404
24 247 2400 347
24 248 11680 584
24 275 2080 104
24 277 5300 265
24 279 2400 504
24 282 2400 420
24 285 13160 658
24 299 2400 313
25 26 520 26
25 29 6200 310
25 31 2400 464
25 68 2400 492
25 123 2400 180
25 168 9320 466
25 175 10860 543
25 185 13100 655
25 208 9860 493
25 241 2400 527
26 22 2400 279
26 27 940 47
26 50 2400 501
26 67 4060 203
26 83 5960 298
26 84 9560 478
26 86 14400 720
26 96 2400 276
26 104 2400 375
26 125 2400 453
26 127 2400 582
26 135 2400 506
26 137 13240 662
26 163 1840 92
26 174 6120 306
26 176 13380 669
26 182 2100 105
26 184 9040 452
26 202 3340 167
26 219 11080 554
26 238 640 32
26 239 4380 219
26 275 2400 552
26 277 14260 713
27 23 5480 274
27 28 340 17
27 32 8540 427
27 35 2400 669
27 51 9640 482
27 69 9500 475
27 124 2400 287
27 126 2400 387
27 131 660 33
27 132 5120 256
27 136 2400 484
27 139 2400 690
27 146 3060 153
27 148 2400 328
27 149 11760 588
27 165 2400 462
27 167 1680 84
27 177 2400 693
27 191 7440 372
27 192 13240 662
27 206 2400 554
27 207 940 47
27 210 10700 535
27 218 2400 366
27 232 6760 338
27 234 11980 599
27 242 5540 277
27 243 2400 367
27 254 4380 219
27 276 2400 526
27 298 2400 588
28 29 1140 57
28 31 2400 211
28 68 2400 239
28 150 2400 599
28 168 4260 213
28 175 5800 290
28 185 8040 402
28 208 4800 240
28 241 2400 274
28 278 2400 681
29 24 2400 163
29 30 680 34
29 33 6180 309
29 52 7380 369
29 97 2400 169
29 105 2400 343
29 107 2400 626
29 130 2400 719
29 134 2400 372
29 138 2400 475
29 147 780 39
29 164 1420 71
29 169 2400 171
29 186 2400 360
29 204 2400 278
29 205 2400 359
29 211 2400 410
29 213 13100 655
29 237 2400 699
29 245 2400 546
30 31 520 26
30 38 2400 669
30 68 1080 54
30 150 2400 414
30 168 560 28
30 175 2100 105
30 185 4340 217
30 208 1100 55
30 241 1780 89
30 257 2400 682
30 278 2400 496
30 284 2400 678
31 32 2500 125
31 35 2400 367
31 37 10720 536
31 44 2400 525
31 51 3600 180
31 69 3460 173
31 118 2400 546
31 126 1700 85
31 136 2400 182
31 139 2400 388
31 140 2400 527
31 148 520 26
31 149 5720 286
31 151 10020 501
31 152 12940 647
31 165 2400 160
31 177 2400 391
31 191 1400 70
31 192 7200 360
31 206 2400 252
31 210 4660 233
31 212 9300 465
31 214 2400 667
31 218 1280 64
31 232 720 36
31 234 5940 297
31 236 10300 515
31 243 1300 65
31 250 14000 700
31 256 10740 537
31 276 2400 224
31 280 12580 629
31 283 10680 534
31 298 2400 286
32 1 2400 713
32 33 440 22
32 52 1640 82
32 105 1120 56
32 107 2400 339
32 130 2400 432
32 134 1700 85
32 138 2400 188
32 186 1460 73
32 194 2400 445
32 205 1440 72
32 211 2400 123
32 213 7360 368
32 237 2400 412
32 245 2400 259
32 281 2400 519
32 286 2400 656
33 34 460 23
33 46 2400 458
33 53 2180 109
33 70 1620 81
33 85 480 24
33 87 2400 155
33 106 3280 164
33 129 5140 257
33 153 2400 520
33 221 2400 208
33 251 11120 556
34 0 9920 496
34 3 13700 685
34 35 900 45
34 37 4280 214
34 44 2400 203
34 60 14360 718
34 71 2400 445
34 72 2400 690
34 118 2400 224
34 139 1320 66
34 140 2400 205
34 151 3580 179
34 152 6500 325
34 154 2400 523
34 156 13300 665
34 177 1380 69
34 192 760 38
34 195 12720 636
34 199 13140 657
34 212 2860 143
34 214 2400 345
34 216 12300 615
34 236 3860 193
34 249 2400 530
34 250 7560 378
34 256 4300 215
34 280 6140 307
34 283 4240 212
34 287 10840 542
35 2 2400 508
35 15 11940 597
35 36 880 44
35 45 3760 188
35 47 6720 336
35 73 13460 673
35 88 11160 558
35 98 9480 474
35 108 2400 608
35 113 5480 274
35 117 1320 66
35 120 10200 510
35 128 500 25
35 155 2400 508
35 170 5440 272
35 178 2400 472
35 187 13340 667
35 193 2520 126
35 222 2000 100
35 223 14040 702
35 235 860 43
35 246 920 46
35 248 4520 226
35 258 8600 430
35 261 9120 456
35 279 2400 146
35 282 1240 62
35 285 6000 300
36 0 6340 317
36 3 10120 506
36 5 2400 718
36 37 700 35
36 44 480 24
36 60 10780 539
36 71 2400 266
36 72 2400 511
36 75 14140 707
36 109 12240 612
36 116 2400 678
36 118 900 45
36 140 520 26
36 152 2920 146
36 154 2400 344
36 156 9720 486
36 172 11740 587
36 195 9140 457
36 199 9560 478
36 214 2400 166
36 216 8720 436
36 249 2400 351
36 250 3980 199
36 256 720 36
36 280 2560 128
36 283 660 33
36 287 7260 363
36 296 12220 611
37 38 660 33
37 48 5640 282
37 76 2400 694
37 90 2400 696
37 115 2400 546
37 119 2400 249
37 171 2400 221
37 173 2400 568
37 215 2400 298
37 252 7200 360
37 257 920 46
37 262 8260 413
37 284 840 42
37 288 2400 346
38 0 3500 175
38 3 7280 364
38 5 2400 576
38 16 11920 596
38 60 7940 397
38 71 2400 124
38 72 2400 369
38 75 11300 565
38 91 14200 710
38 101 2400 587
38 109 9400 470
38 111 2400 690
38 116 2400 536
38 141 12780 639
38 154 2400 202
38 156 6880 344
38 158 11800 590
38 172 8900 445
38 195 6300 315
38 199 6720 336
38 214 480 24
38 216 5880 294
38 249 2400 209
38 250 1140 57
38 263 11760 588
38 269 2400 658
38 287 4420 221
38 296 9380 469
39 11 2400 262
39 13 2400 393
39 40 620 31
39 42 7460 373
39 55 1440 72
39 59 2400 438
39 81 2400 350
39 162 2400 155
39 228 3860 193
39 231 2400 444
39 272 2020 101
39 274 2400 257
40 41 360 18
40 56 1560 78
40 145 2040 102
40 229 2400 196
41 12 2660 133
41 80 2440 122
41 82 2400 202
41 230 4400 220
42 43 720 36
44 2 2400 350
44 6 14200 710
44 15 8780 439
44 45 600 30
44 47 3560 178
44 73 10300 515
44 88 8000 400
44 98 6320 316
44 108 2400 450
44 113 2320 116
44 120 7040 352
44 155 2400 350
44 170 2280 114
44 178 2400 314
44 180 11700 585
44 187 10180 509
44 196 12140 607
44 223 10880 544
44 248 1360 68
44 258 5440 272
44 261 5960 298
44 285 2840 142
44 289 13600 680
45 4 2400 493
45 46 1060 53
45 49 2400 359
45 62 10640 532
45 89 2400 425
45 100 8600 430
45 114 7140 357
45 121 2400 342
45 153 2300 115
45 188 10220 511
45 251 3020 151
45 264 2400 692
45 290 2400 679
46 2 2400 195
46 6 11100 555
46 15 5680 284
46 47 460 23
46 73 7200 360
46 77 2400 720
46 88 4900 245
46 98 3220 161
46 102 11780 589
46 108 2400 295
46 120 3940 197
46 155 2400 195
46 178 2400 159
46 180 8600 430
46 187 7080 354
46 190 13760 688
46 196 9040 452
46 198 2400 714
46 223 7780 389
46 224 14200 710
46 258 2340 117
46 261 2860 143
46 289 10500 525
47 17 10120 506
47 48 520 26
47 64 2400 632
47 76 2400 438
47 90 2400 440
47 115 2400 290
47 173 2400 312
47 189 2400 478
47 200 9620 481
47 215 840 42
47 225 2400 719
47 252 2080 104
47 262 3140 157
47 288 1800 90
47 292 2400 643
48 4 2400 169
48 18 2400 525
48 41 2400 708
48 49 700 35
48 62 4160 208
48 89 2020 101
48 93 2400 513
48 100 2120 106
48 103 2400 420
48 114 660 33
48 121 360 18
48 143 2400 684
48 159 2400 515
48 188 3740 187
48 201 2400 474
48 264 2400 368
48 266 2400 622
48 270 2400 546
48 290 2400 355
48 294 2400 694
49 5 2400 156
49 8 2400 462
49 16 3520 176
49 39 9440 472
49 63 6700 335
49 65 9240 462
49 75 2900 145
49 79 12720 636
49 91 5800 290
49 101 2400 167
49 109 1000 50
49 111 2400 270
49 112 2400 449
49 116 2320 116
49 141 4380 219
49 142 9400 470
49 158 3400 170
49 160 10100 505
49 172 500 25
49 226 2400 540
49 263 3360 168
49 269 2400 238
49 271 10620 531
49 291 6760 338
49 293 9660 483
49 295 2400 678
49 296 980 49
50 0 13320 666
50 35 2400 215
50 37 7680 384
50 44 2400 373
50 51 560 28
50 69 420 21
50 71 2400 615
50 118 2400 394
50 136 600 30
50 139 2400 236
50 140 2400 375
50 149 2680 134
50 151 6980 349
50 152 9900 495
50 154 2400 693
50 177 2400 239
50 192 4160 208
50 206 2000 100
50 210 1620 81
50 212 6260 313
50 214 2400 515
50 234 2900 145
50 236 7260 363
50 249 2400 700
50 250 10960 548
50 256 7700 385
50 276 1440 72
50 280 9540 477
50 283 7640 382
50 287 14240 712
50 298 2400 134
51 1 2400 658
51 52 540 27
51 107 2400 284
51 130 2400 377
51 134 600 30
51 138 2400 133
51 186 360 18
51 194 2400 390
51 205 340 17
51 211 1360 68
51 213 6260 313
51 237 2400 357
51 245 2400 204
51 259 2400 716
51 281 2400 464
51 286 2400 601
52 46 2400 398
52 49 2400 704
52 53 980 49
52 70 420 21
52 87 1900 95
52 106 2080 104
52 114 14040 702
52 121 2400 687
52 129 3940 197
52 153 2400 460
52 221 2400 148
52 251 9920 496
53 0 8200 410
53 3 11980 599
53 37 2560 128
53 44 2340 117
53 60 12640 632
53 71 2400 359
53 72 2400 604
53 109 14100 705
53 118 2400 138
53 140 2380 119
53 151 1860 93
53 152 4780 239
53 154 2400 437
53 156 11580 579
53 172 13600 680
53 195 11000 550
53 199 11420 571
53 212 1140 57
53 214 2400 259
53 216 10580 529
53 236 2140 107
53 249 2400 444
53 250 5840 292
53 256 2580 129
53 280 4420 221
53 283 2520 126
53 287 9120 456
53 296 14080 704
54 11 2400 227
54 13 2400 358
54 42 6760 338
54 55 740 37
54 59 2400 403
54 81 2400 315
54 162 2400 120
54 228 3160 158
54 231 2400 409
54 272 1320 66
54 274 2400 222
55 56 740 37
55 145 1220 61
55 229 2400 155
56 14 2400 251
56 57 620 31
57 43 2400 133
57 58 780 39
58 59 580 29
58 231 700 35
60 7 2400 279
60 40 10520 526
60 55 11340 567
60 61 500 25
60 66 2400 501
60 74 2200 110
60 92 6580 329
60 110 1760 88
60 162 2400 650
60 179 540 27
60 181 2400 164
60 197 3480 174
60 228 13760 688
60 253 2100 105
60 272 2400 596
60 297 1780 89
61 18 2400 336
61 41 2400 519
61 56 2400 579
61 62 380 19
61 93 2400 324
61 103 2400 231
61 143 2400 495
61 145 2400 603
61 159 2400 326
61 201 2400 285
61 229 2400 697
61 264 2400 179
61 266 2400 433
61 270 2400 357
61 290 2400 166
61 294 2400 505
62 7 2060 103
62 11 2400 581
62 13 2400 712
62 40 7000 350
62 42 13840 692
62 55 7820 391
62 66 2400 325
62 81 2400 669
62 92 3060 153
62 162 2400 474
62 228 10240 512
62 272 2400 420
62 274 2400 576
63 10 5500 275
63 43 2400 574
63 58 9600 480
63 64 520 26
63 161 3920 196
63 225 2260 113
63 268 6320 316
63 292 740 37
64 8 540 27
64 12 7420 371
64 39 740 37
64 65 540 27
64 79 4020 201
64 80 7200 360
64 82 2400 440
64 142 700 35
64 160 1400 70
64 226 2100 105
64 230 9160 458
64 271 1920 96
64 293 960 48
64 295 2400 243
65 11 2400 272
65 13 2400 403
65 40 820 41
65 42 7660 383
65 55 1640 82
65 59 2400 448
65 66 320 16
65 81 2400 360
65 162 2400 165
65 228 4060 203
65 231 2400 454
65 272 2220 111
65 274 2400 267
66 12 5840 292
66 79 2440 122
66 80 5620 281
66 82 2400 361
66 226 520 26
66 230 7580 379
66 271 340 17
66 295 2400 164
67 24 2400 175
67 30 920 46
67 33 6420 321
67 52 7620 381
67 97 2400 181
67 105 2400 355
67 107 2400 638
67 134 2400 384
67 138 2400 487
67 147 1020 51
67 164 1660 83
67 169 2400 183
67 186 2400 372
67 204 2400 290
67 205 2400 371
67 211 2400 422
67 213 13340 667
67 237 2400 711
67 245 2400 558
68 36 2400 384
68 45 10560 528
68 47 13520 676
68 50 700 35
68 86 5080 254
68 113 12280 614
68 117 2400 406
68 127 2320 116
68 128 7300 365
68 135 800 40
68 137 3920 196
68 170 12240 612
68 176 4060 203
68 193 9320 466
68 219 1760 88
68 220 6280 314
68 222 2400 440
68 235 2400 383
68 246 2400 386
68 247 2400 329
68 248 11320 566
68 275 1720 86
68 277 4940 247
68 279 2400 486
68 282 2400 402
68 285 12800 640
68 299 2400 295
69 1 2400 665
69 52 680 34
69 107 2400 291
69 130 2400 384
69 134 740 37
69 138 2400 140
69 186 500 25
69 194 2400 397
69 205 480 24
69 211 1500 75
69 213 6400 320
69 237 2400 364
69 245 2400 211
69 281 2400 471
69 286 2400 608
70 2 2400 572
70 15 13220 661
70 36 2160 108
70 45 5040 252
70 47 8000 400
70 88 12440 622
70 98 10760 538
70 108 2400 672
70 113 6760 338
70 117 2400 130
70 120 11480 574
70 128 1780 89
70 155 2400 572
70 170 6720 336
70 178 2400 536
70 193 3800 190
70 220 760 38
70 222 2400 164
70 235 2140 107
70 246 2200 110
70 247 1060 53
70 248 5800 290
70 258 9880 494
70 261 10400 520
70 279 2400 210
70 282 2400 126
70 285 7280 364
70 299 380 19
71 2 2160 108
71 6 9360 468
71 15 3940 197
71 73 5460 273
71 77 2400 633
71 88 3160 158
71 98 1480 74
71 102 10040 502
71 108 2400 208
71 120 2200 110
71 155 2160 108
71 178 1440 72
71 180 6860 343
71 187 5340 267
71 190 12020 601
71 196 7300 365
71 198 2400 627
71 223 6040 302
71 224 12460 623
71 258 600 30
71 261 1120 56
71 265 14340 717
71 289 8760 438
72 6 4460 223
72 9 10780 539
72 54 9920 496
72 73 560 28
72 77 2400 388
72 78 2400 559
72 102 5140 257
72 144 12760 638
72 180 1960 98
72 187 440 22
72 190 7120 356
72 196 2400 120
72 198 2400 382
72 223 1140 57
72 224 7560 378
72 227 2400 486
72 265 9440 472
72 267 11760 588
72 273 13340 667
72 289 3860 193
73 7 2400 217
73 11 2400 695
73 40 9280 464
73 55 10100 505
73 66 2400 439
73 74 960 48
73 92 5340 267
73 110 520 26
73 162 2400 588
73 181 2040 102
73 197 2240 112
73 228 12520 626
73 253 860 43
73 272 2400 534
73 274 2400 690
73 297 540 27
74 5 660 33
74 8 2400 339
74 12 13660 683
74 16 1060 53
74 39 6980 349
74 63 4240 212
74 65 6780 339
74 75 440 22
74 79 10260 513
74 80 13440 672
74 91 3340 167
74 101 880 44
74 111 2400 147
74 112 2400 326
74 141 1920 96
74 142 6940 347
74 158 940 47
74 160 7640 382
74 226 2400 417
74 263 900 45
74 269 2300 115
74 271 8160 408
74 291 4300 215
74 293 7200 360
74 295 2400 555
75 10 9300 465
75 17 1800 90
75 58 13400 670
75 64 2400 216
75 76 440 22
75 90 480 24
75 161 7720 386
75 189 1240 62
75 200 1300 65
75 225 2400 303
75 268 10120 506
75 292 2400 227
76 8 2400 221
76 12 11300 565
76 39 4620 231
76 63 1880 94
76 65 4420 221
76 79 7900 395
76 80 11080 554
76 82 2400 634
76 91 980 49
76 111 580 29
76 112 2400 208
76 142 4580 229
76 160 5280 264
76 226 2400 299
76 230 13040 652
76 271 5800 290
76 291 1940 97
76 293 4840 242
76 295 2400 437
77 8 700 35
77 12 7580 379
77 39 900 45
77 65 700 35
77 79 4180 209
77 80 7360 368
77 82 2400 448
77 112 440 22
77 142 860 43
77 160 1560 78
77 226 2260 113
77 230 9320 466
77 271 2080 104
77 293 1120 56
77 295 2400 251
78 12 4160 208
78 79 760 38
78 80 3940 197
78 82 2400 277
78 230 5900 295
78 295 1600 80
79 11 1960 98
79 13 2400 229
79 42 4180 209
79 59 2400 274
79 81 2400 186
79 228 580 29
79 231 2400 280
79 274 1860 93
80 13 1400 70
80 42 1000 50
80 59 2300 115
80 81 540 27
80 231 2400 121
81 82 340 17
81 230 700 35
82 14 640 32
83 24 1600 80
83 33 4520 226
83 52 5720 286
83 97 1720 86
83 105 2400 260
83 107 2400 543
83 130 2400 636
83 134 2400 289
83 138 2400 392
83 169 1760 88
83 186 2400 277
83 194 2400 649
83 204 2400 195
83 205 2400 276
83 211 2400 327
83 213 11440 572
83 237 2400 616
83 245 2400 463
84 33 920 46
84 52 2120 106
84 105 1600 80
84 107 2400 363
84 130 2400 456
84 134 2180 109
84 138 2400 212
84 186 1940 97
84 194 2400 469
84 204 300 15
84 205 1920 96
84 211 2400 147
84 213 7840 392
84 237 2400 436
84 245 2400 283
84 281 2400 543
84 286 2400 680
85 2 2400 629
85 15 14360 718
85 36 2400 165
85 45 6180 309
85 47 9140 457
85 86 700 35
85 88 13580 679
85 98 11900 595
85 113 7900 395
85 117 2400 187
85 120 12620 631
85 128 2920 146
85 155 2400 629
85 170 7860 393
85 178 2400 593
85 193 4940 247
85 220 1900 95
85 222 2400 221
85 235 2400 164
85 246 2400 167
85 247 2200 110
85 248 6940 347
85 258 11020 551
85 261 11540 577
85 277 560 28
85 279 2400 267
85 282 2400 183
85 285 8420 421
85 299 1520 76
86 46 2400 327
86 49 2400 633
86 87 480 24
86 89 2400 699
86 100 14080 704
86 106 660 33
86 114 12620 631
86 121 2400 616
86 129 2520 126
86 153 2400 389
86 221 1540 77
86 251 8500 425
87 2 2400 498
87 15 11740 587
87 36 680 34
87 45 3560 178
87 47 6520 326
87 73 13260 663
87 88 10960 548
87 98 9280 464
87 108 2400 598
87 113 5280 264
87 117 1120 56
87 120 10000 500
87 128 300 15
87 155 2400 498
87 170 5240 262
87 178 2400 462
87 187 13140 657
87 193 2320 116
87 222 1800 90
87 223 13840 692
87 235 660 33
87 246 720 36
87 248 4320 216
87 258 8400 420
87 261 8920 446
87 279 2400 136
87 282 1040 52
87 285 5800 290
88 4 2400 123
88 18 2400 479
88 41 2400 662
88 62 3240 162
88 89 1100 55
88 93 2400 467
88 100 1200 60
88 103 2400 374
88 143 2400 638
88 159 2400 469
88 188 2820 141
88 201 2400 428
88 264 2400 322
88 266 2400 576
88 270 2400 500
88 290 2400 309
88 294 2400 648
89 5 1800 90
89 8 2400 396
89 16 2200 110
89 39 8120 406
89 63 5380 269
89 65 7920 396
89 75 1580 79
89 79 11400 570
89 91 4480 224
89 101 2020 101
89 111 2400 204
89 112 2400 383
89 116 1000 50
89 141 3060 153
89 142 8080 404
89 158 2080 104
89 160 8780 439
89 226 2400 474
89 263 2040 102
89 269 2400 172
89 271 9300 465
89 291 5440 272
89 293 8340 417
89 295 2400 612
90 8 2400 219
90 12 11260 563
90 39 4580 229
90 63 1840 92
90 65 4380 219
90 79 7860 393
90 80 11040 552
90 82 2400 632
90 91 940 47
90 111 540 27
90 112 2400 206
90 142 4540 227
90 160 5240 262
90 226 2400 297
90 230 13000 650
90 271 5760 288
90 291 1900 95
90 293 4800 240
90 295 2400 435
91 11 2400 444
91 13 2400 575
91 40 4260 213
91 42 11100 555
91 55 5080 254
91 59 2400 620
91 66 2400 188
91 81 2400 532
91 92 320 16
91 162 2400 337
91 228 7500 375
91 231 2400 626
91 272 2400 283
91 274 2400 439
92 18 640 32
92 41 2400 215
92 56 2400 275
92 93 400 20
92 143 2400 191
92 145 2400 299
92 159 440 22
92 229 2400 393
92 266 2400 129
92 270 1060 53
92 294 2400 201
93 9 1740 87
93 14 2400 506
93 54 880 44
93 57 5720 286
93 78 2140 107
93 144 3720 186
93 227 680 34
93 265 400 20
93 267 2720 136
93 273 4300 215
94 19 440 22
94 22 2400 311
94 27 1580 79
94 50 2400 533
94 67 4700 235
94 83 6600 330
94 84 10200 510
94 96 2400 308
94 104 2400 407
94 125 2400 485
94 127 2400 614
94 135 2400 538
94 137 13880 694
94 163 2400 124
94 174 6760 338
94 176 14020 701
94 182 2400 137
94 184 9680 484
94 202 3980 199
94 219 11720 586
94 238 1280 64
94 239 5020 251
94 275 2400 584
95 21 1480 74
95 34 2400 527
95 53 2400 613
95 70 2400 585
95 85 2400 528
95 87 2400 659
95 106 13360 668
95 133 2400 328
95 203 2180 109
95 209 2400 422
95 221 2400 712
95 233 7860 393
95 240 3120 156
95 244 2400 496
95 255 8420 421
96 23 900 45
96 32 3960 198
96 35 2400 440
96 37 12180 609
96 44 2400 598
96 51 5060 253
96 69 4920 246
96 118 2400 619
96 124 1160 58
96 126 2400 158
96 132 540 27
96 136 2400 255
96 139 2400 461
96 140 2400 600
96 148 1980 99
96 149 7180 359
96 151 11480 574
96 152 14400 720
96 165 2400 233
96 177 2400 464
96 191 2860 143
96 192 8660 433
96 206 2400 325
96 210 6120 306
96 212 10760 538
96 218 2400 137
96 232 2180 109
96 234 7400 370
96 236 11760 588
96 242 960 48
96 243 2400 138
96 256 12200 610
96 276 2400 297
96 280 14040 702
96 283 12140 607
96 298 2400 359
97 32 1640 82
97 35 2400 324
97 37 9860 493
97 44 2400 482
97 51 2740 137
97 69 2600 130
97 118 2400 503
97 126 840 42
97 136 2400 139
97 139 2400 345
97 140 2400 484
97 149 4860 243
97 151 9160 458
97 152 12080 604
97 165 2340 117
97 177 2400 348
97 191 540 27
97 192 6340 317
97 206 2400 209
97 210 3800 190
97 212 8440 422
97 214 2400 624
97 218 420 21
97 234 5080 254
97 236 9440 472
97 243 440 22
97 250 13140 657
97 256 9880 494
97 276 2400 181
97 280 11720 586
97 283 9820 491
97 298 2400 243
98 7 2400 416
98 40 13260 663
98 55 14080 704
98 61 3240 162
98 66 2400 638
98 74 2400 247
98 92 9320 466
98 99 1080 54
98 110 4500 225
98 157 2000 100
98 179 2400 164
98 181 2400 301
98 197 6220 311
98 217 1060 53
98 253 2400 242
98 260 1860 93
98 297 2400 226
99 4 1760 88
99 18 2400 444
99 41 2400 627
99 56 2400 687
99 62 2540 127
99 89 400 20
99 93 2400 432
99 100 500 25
99 103 2400 339
99 143 2400 603
99 145 2400 711
99 159 2400 434
99 188 2120 106
99 201 2400 393
99 264 2400 287
99 266 2400 541
99 270 2400 465
99 290 2400 274
99 294 2400 613
100 7 2400 205
100 11 2400 683
100 40 9040 452
100 55 9860 493
100 66 2400 427
100 74 720 36
100 92 5100 255
100 162 2400 576
100 181 1800 90
100 197 2000 100
100 228 12280 614
100 253 620 31
100 272 2400 522
100 274 2400 678
100 297 300 15
101 9 6420 321
101 54 5560 278
101 57 10400 520
101 77 2400 170
101 78 2400 341
101 102 780 39
101 144 8400 420
101 190 2760 138
101 198 2400 164
101 224 3200 160
101 227 2400 268
101 265 5080 254
101 267 7400 370
101 273 8980 449
102 18 2400 135
102 41 2400 318
102 56 2400 378
102 93 2400 123
102 103 600 30
102 143 2400 294
102 145 2400 402
102 159 2400 125
102 201 1680 84
102 229 2400 496
102 266 2400 232
102 270 2400 156
102 294 2400 304
103 9 3600 180
103 14 2400 599
103 54 2740 137
103 57 7580 379
103 77 580 29
103 78 2400 200
103 144 5580 279
103 198 460 23
103 224 380 19
103 227 2400 127
103 265 2260 113
103 267 4580 229
103 273 6160 308
104 32 1980 99
104 35 2400 341
104 37 10200 510
104 44 2400 499
104 51 3080 154
104 69 2940 147
104 118 2400 520
104 126 1180 59
104 136 2400 156
104 139 2400 362
104 140 2400 501
104 149 5200 260
104 151 9500 475
104 152 12420 621
104 165 2400 134
104 177 2400 365
104 191 880 44
104 192 6680 334
104 206 2400 226
104 210 4140 207
104 212 8780 439
104 214 2400 641
104 218 760 38
104 234 5420 271
104 236 9780 489
104 243 780 39
104 250 13480 674
104 256 10220 511
104 276 2400 198
104 280 12060 603
104 283 10160 508
104 298 2400 260
105 2 2400 686
105 36 2400 222
105 45 7320 366
105 47 10280 514
105 86 1840 92
105 98 13040 652
105 113 9040 452
105 117 2400 244
105 120 13760 688
105 128 4060 203
105 137 680 34
105 155 2400 686
105 170 9000 450
105 176 820 41
105 178 2400 650
105 193 6080 304
105 220 3040 152
105 222 2400 278
105 235 2400 221
105 246 2400 224
105 247 2400 167
105 248 8080 404
105 258 12160 608
105 261 12680 634
105 277 1700 85
105 279 2400 324
105 282 2400 240
105 285 9560 478
105 299 2400 133
106 1 2400 395
106 61 12440 622
106 74 2400 707
106 99 10280 514
106 107 420 21
106 110 13700 685
106 130 2280 114
106 157 2400 560
106 179 2400 624
106 194 2400 127
106 213 1000 50
106 217 2400 513
106 237 1880 94
106 253 2400 702
106 259 2400 453
106 260 2400 553
106 281 2400 201
106 286 2400 338
106 297 2400 686
107 2 2400 403
107 15 9840 492
107 45 1660 83
107 47 4620 231
107 73 11360 568
107 88 9060 453
107 98 7380 369
107 108 2400 503
107 113 3380 169
107 120 8100 405
107 155 2400 403
107 170 3340 167
107 178 2400 367
107 180 12760 638
107 187 11240 562
107 193 420 21
107 196 13200 660
107 223 11940 597
107 248 2420 121
107 258 6500 325
107 261 7020 351
107 279 820 41
107 285 3900 195
108 5 2400 154
108 8 2400 460
108 16 3480 174
108 39 9400 470
108 63 6660 333
108 65 9200 460
108 75 2860 143
108 79 12680 634
108 91 5760 288
108 101 2400 165
108 109 960 48
108 111 2400 268
108 112 2400 447
108 116 2280 114
108 141 4340 217
108 142 9360 468
108 158 3360 168
108 160 10060 503
108 172 460 23
108 226 2400 538
108 263 3320 166
108 269 2400 236
108 271 10580 529
108 291 6720 336
108 293 9620 481
108 295 2400 676
108 296 940 47
109 7 2400 206
109 11 2400 684
109 40 9060 453
109 55 9880 494
109 66 2400 428
109 74 740 37
109 92 5120 256
109 110 300 15
109 162 2400 577
109 181 1820 91
109 197 2020 101
109 228 12300 615
109 253 640 32
109 272 2400 523
109 274 2400 679
109 297 320 16
110 10 10340 517
110 17 2840 142
110 64 2400 268
110 76 1480 74
110 90 1520 76
110 161 8760 438
110 189 2280 114
110 200 2340 117
110 225 2400 355
110 268 11160 558
110 292 2400 279
111 9 4360 218
111 14 2400 637
111 54 3500 175
111 57 8340 417
111 77 1340 67
111 78 2400 238
111 144 6340 317
111 190 700 35
111 198 1220 61
111 224 1140 57
111 227 2400 165
111 265 3020 151
111 267 5340 267
111 273 6920 346
112 9 780 39
112 14 2400 458
112 57 4760 238
112 78 1180 59
112 144 2760 138
112 267 1760 88
112 273 3340 167
113 17 11360 568
113 48 1760 88
113 64 2400 694
113 76 2400 500
113 90 2400 502
113 115 2400 352
113 119 1100 55
113 171 540 27
113 173 2400 374
113 189 2400 540
113 200 10860 543
113 215 2080 104
113 252 3320 166
113 262 4380 219
113 288 2400 152
113 292 2400 705
114 10 12240 612
114 17 4740 237
114 64 2400 363
114 76 2400 169
114 90 2400 171
114 115 420 21
114 161 10660 533
114 173 860 43
114 189 2400 209
114 200 4240 212
114 225 2400 450
114 268 13060 653
114 292 2400 374
115 5 1260 63
115 8 2400 369
115 12 14260 713
115 16 1660 83
115 39 7580 379
115 63 4840 242
115 65 7380 369
115 75 1040 52
115 79 10860 543
115 80 14040 702
115 91 3940 197
115 101 1480 74
115 111 2400 177
115 112 2400 356
115 116 460 23
115 141 2520 126
115 142 7540 377
115 158 1540 77
115 160 8240 412
115 226 2400 447
115 263 1500 75
115 269 2400 145
115 271 8760 438
115 291 4900 245
115 293 7800 390
115 295 2400 585
116 6 1120 56
116 9 7440 372
116 54 6580 329
116 57 11420 571
116 77 2400 221
116 78 2400 392
116 102 1800 90
116 144 9420 471
116 190 3780 189
116 198 2400 215
116 224 4220 211
116 227 2400 319
116 265 6100 305
116 267 8420 421
116 273 10000 500
116 289 520 26
117 0 5900 295
117 3 9680 484
117 5 2400 696
117 16 14320 716
117 60 10340 517
117 71 2400 244
117 72 2400 489
117 75 13700 685
117 101 2400 707
117 109 11800 590
117 116 2400 656
117 118 460 23
117 152 2480 124
117 154 2400 322
117 156 9280 464
117 158 14200 710
117 172 11300 565
117 195 8700 435
117 199 9120 456
117 214 2400 144
117 216 8280 414
117 249 2400 329
117 250 3540 177
117 263 14160 708
117 280 2120 106
117 287 6820 341
117 296 11780 589
118 2 2400 329
118 6 13780 689
118 15 8360 418
118 47 3140 157
118 73 9880 494
118 88 7580 379
118 98 5900 295
118 108 2400 429
118 113 1900 95
118 120 6620 331
118 155 2400 329
118 170 1860 93
118 178 2400 293
118 180 11280 564
118 187 9760 488
118 196 11720 586
118 223 10460 523
118 248 940 47
118 258 5020 251
118 261 5540 277
118 285 2420 121
118 289 13180 659
119 2 340 17
119 6 7540 377
119 9 13860 693
119 15 2120 106
119 54 13000 650
119 73 3640 182
119 77 2400 542
119 78 2400 713
119 88 1340 67
119 102 8220 411
119 108 2340 117
119 120 380 19
119 155 340 17
119 180 5040 252
119 187 3520 176
119 190 10200 510
119 196 5480 274
119 198 2400 536
119 223 4220 211
119 224 10640 532
119 227 2400 640
119 265 12520 626
119 289 6940 347
120 4 2400 171
120 18 2400 527
120 41 2400 710
120 49 740 37
120 62 4200 210
120 89 2060 103
120 93 2400 515
120 100 2160 108
120 103 2400 422
120 114 700 35
120 121 400 20
120 143 2400 686
120 159 2400 517
120 188 3780 189
120 201 2400 476
120 264 2400 370
120 266 2400 624
120 270 2400 548
120 290 2400 357
120 294 2400 696
121 6 5320 266
121 9 11640 582
121 54 10780 539
121 73 1420 71
121 77 2400 431
121 78 2400 602
121 102 6000 300
121 144 13620 681
121 180 2820 141
121 187 1300 65
121 190 7980 399
121 196 3260 163
121 198 2400 425
121 223 2000 100
121 224 8420 421
121 227 2400 529
121 265 10300 515
121 267 12620 631
121 273 14200 710
121 289 4720 236
122 29 3620 181
122 31 2400 335
122 68 2400 363
122 123 1020 51
122 168 6740 337
122 175 8280 414
122 185 10520 526
122 208 7280 364
122 241 2400 398
123 22 2400 125
123 36 2400 696
123 50 2400 347
123 67 980 49
123 83 2880 144
123 84 6480 324
123 86 11320 566
123 96 2400 122
123 104 2400 221
123 117 2400 718
123 125 2400 299
123 127 2400 428
123 128 13540 677
123 135 2400 352
123 137 10160 508
123 174 3040 152
123 176 10300 515
123 184 5960 298
123 219 8000 400
123 220 12520 626
123 235 2400 695
123 239 1300 65
123 246 2400 698
123 247 2400 641
123 275 2400 398
123 277 11180 559
123 282 2400 714
123 299 2400 607
124 36 2400 426
124 45 11400 570
124 47 14360 718
124 50 1540 77
124 84 1080 54
124 86 5920 296
124 113 13120 656
124 117 2400 448
124 125 580 29
124 127 2400 158
124 128 8140 407
124 135 1640 82
124 137 4760 238
124 170 13080 654
124 176 4900 245
124 184 560 28
124 193 10160 508
124 219 2600 130
124 220 7120 356
124 222 2400 482
124 235 2400 425
124 246 2400 428
124 247 2400 371
124 248 12160 608
124 275 2400 128
124 277 5780 289
124 279 2400 528
124 282 2400 444
124 285 13640 682
124 299 2400 337
125 0 14280 714
125 32 420 21
125 35 2400 263
125 37 8640 432
125 44 2400 421
125 51 1520 76
125 69 1380 69
125 71 2400 663
125 118 2400 442
125 136 1560 78
125 139 2400 284
125 140 2400 423
125 149 3640 182
125 151 7940 397
125 152 10860 543
125 165 1120 56
125 177 2400 287
125 192 5120 256
125 206 2400 148
125 210 2580 129
125 212 7220 361
125 214 2400 563
125 234 3860 193
125 236 8220 411
125 250 11920 596
125 256 8660 433
125 276 2400 120
125 280 10500 525
125 283 8600 430
125 298 2400 182
126 36 2400 326
126 45 9400 470
126 47 12360 618
126 86 3920 196
126 113 11120 556
126 117 2400 348
126 127 1160 58
126 128 6140 307
126 137 2760 138
126 170 11080 554
126 176 2900 145
126 193 8160 408
126 219 600 30
126 220 5120 256
126 222 2400 382
126 235 2400 325
126 246 2400 328
126 247 2400 271
126 248 10160 508
126 258 14240 712
126 275 560 28
126 277 3780 189
126 279 2400 428
126 282 2400 344
126 285 11640 582
126 299 2400 237
127 0 11700 585
127 35 2400 134
127 37 6060 303
127 44 2400 292
127 71 2400 534
127 118 2400 313
127 139 2400 155
127 140 2400 294
127 149 1060 53
127 151 5360 268
127 152 8280 414
127 154 2400 612
127 177 2400 158
127 192 2540 127
127 206 380 19
127 212 4640 232
127 214 2400 434
127 216 14080 704
127 234 1280 64
127 236 5640 282
127 249 2400 619
127 250 9340 467
127 256 6080 304
127 280 7920 396
127 283 6020 301
127 287 12620 631
127 298 1060 53
128 4 2400 656
128 46 2400 216
128 49 2400 522
128 62 13900 695
128 89 2400 588
128 100 11860 593
128 114 10400 520
128 121 2400 505
128 129 300 15
128 153 2400 278
128 188 13480 674
128 251 6280 314
129 1 2400 302
129 61 10580 529
129 74 2400 614
129 99 8420 421
129 110 11840 592
129 130 420 21
129 157 2400 467
129 179 2400 531
129 181 2400 668
129 194 680 34
129 197 13560 678
129 217 2400 420
129 253 2400 609
129 259 2400 360
129 260 2400 460
129 281 2160 108
129 286 2400 245
129 297 2400 593
130 0 4500 225
130 3 8280 414
130 5 2400 626
130 16 12920 646
130 60 8940 447
130 71 2400 174
130 72 2400 419
130 75 12300 615
130 101 2400 637
130 109 10400 520
130 116 2400 586
130 141 13780 689
130 152 1080 54
130 154 2400 252
130 156 7880 394
130 158 12800 640
130 172 9900 495
130 195 7300 365
130 199 7720 386
130 214 1480 74
130 216 6880 344
130 249 2400 259
130 250 2140 107
130 263 12760 638
130 269 2400 708
130 280 720 36
130 287 5420 271
130 296 10380 519
131 22 2180 109
131 36 2400 680
131 50 2400 331
131 67 660 33
131 83 2560 128
131 84 6160 308
131 86 11000 550
131 96 2120 106
131 104 2400 205
131 117 2400 702
131 125 2400 283
131 127 2400 412
131 128 13220 661
131 135 2400 336
131 137 9840 492
131 174 2720 136
131 176 9980 499
131 184 5640 282
131 219 7680 384
131 220 12200 610
131 235 2400 679
131 239 980 49
131 246 2400 682
131 247 2400 625
131 275 2400 382
131 277 10860 543
131 282 2400 698
131 299 2400 591
132 34 2400 232
132 46 2400 667
132 53 2400 318
132 70 2400 290
132 85 2400 233
132 87 2400 364
132 106 7460 373
132 129 9320 466
132 133 660 33
132 209 2400 127
132 221 2400 417
132 233 1960 98
132 244 2400 201
132 255 2520 126
133 0 13900 695
133 35 2400 244
133 37 8260 413
133 44 2400 402
133 51 1140 57
133 69 1000 50
133 71 2400 644
133 118 2400 423
133 136 1180 59
133 139 2400 265
133 140 2400 404
133 149 3260 163
133 151 7560 378
133 152 10480 524
133 165 740 37
133 177 2400 268
133 192 4740 237
133 206 2400 129
133 210 2200 110
133 212 6840 342
133 214 2400 544
133 234 3480 174
133 236 7840 392
133 250 11540 577
133 256 8280 414
133 276 2020 101
133 280 10120 506
133 283 8220 411
133 298 2400 163
134 0 11440 572
134 35 2400 121
134 37 5800 290
134 44 2400 279
134 71 2400 521
134 118 2400 300
134 139 2400 142
134 140 2400 281
134 149 800 40
134 151 5100 255
134 152 8020 401
134 154 2400 599
134 177 2400 145
134 192 2280 114
134 195 14240 712
134 212 4380 219
134 214 2400 421
134 216 13820 691
134 234 1020 51
134 236 5380 269
134 249 2400 606
134 250 9080 454
134 256 5820 291
134 280 7660 383
134 283 5760 288
134 287 12360 618
134 298 800 40
135 0 13220 661
135 35 2400 210
135 37 7580 379
135 44 2400 368
135 51 460 23
135 69 320 16
135 71 2400 610
135 118 2400 389
135 136 500 25
135 139 2400 231
135 140 2400 370
135 149 2580 129
135 151 6880 344
135 152 9800 490
135 154 2400 688
135 177 2400 234
135 192 4060 203
135 206 1900 95
135 210 1520 76
135 212 6160 308
135 214 2400 510
135 234 2800 140
135 236 7160 358
135 249 2400 695
135 250 10860 543
135 256 7600 380
135 276 1340 67
135 280 9440 472
135 283 7540 377
135 287 14140 707
135 298 2400 129
136 2 2400 693
136 36 2400 229
136 45 7460 373
136 47 10420 521
136 86 1980 99
136 98 13180 659
136 113 9180 459
136 117 2400 251
136 120 13900 695
136 128 4200 210
136 137 820 41
136 155 2400 693
136 170 9140 457
136 176 960 48
136 178 2400 657
136 193 6220 311
136 220 3180 159
136 222 2400 285
136 235 2400 228
136 246 2400 231
136 247 2400 174
136 248 8220 411
136 258 12300 615
136 261 12820 641
136 277 1840 92
136 279 2400 331
136 282 2400 247
136 285 9700 485
136 299 2400 140
137 1 2400 553
137 99 13440 672
137 107 2400 179
137 130 2400 272
137 138 560 28
137 157 2400 718
137 194 2400 285
137 213 4160 208
137 217 2400 671
137 237 2400 252
137 245 1980 99
137 259 2400 611
137 260 2400 711
137 281 2400 359
137 286 2400 496
138 0 9380 469
138 3 13160 658
138 35 360 18
138 37 3740 187
138 44 2400 176
138 60 13820 691
138 71 2400 418
138 72 2400 663
138 118 2400 197
138 139 780 39
138 140 2400 178
138 151 3040 152
138 152 5960 298
138 154 2400 496
138 156 12760 638
138 177 840 42
138 195 12180 609
138 199 12600 630
138 212 2320 116
138 214 2400 318
138 216 11760 588
138 236 3320 166
138 249 2400 503
138 250 7020 351
138 256 3760 188
138 280 5600 280
138 283 3700 185
138 287 10300 515
139 2 2400 487
139 15 11520 576
139 36 460 23
139 45 3340 167
139 47 6300 315
139 73 13040 652
139 88 10740 537
139 98 9060 453
139 108 2400 587
139 113 5060 253
139 117 900 45
139 120 9780 489
139 155 2400 487
139 170 5020 251
139 178 2400 451
139 187 12920 646
139 193 2100 105
139 222 1580 79
139 223 13620 681
139 235 440 22
139 246 500 25
139 248 4100 205
139 258 8180 409
139 261 8700 435
139 279 2400 125
139 282 820 41
139 285 5580 279
140 2 2400 348
140 6 14160 708
140 15 8740 437
140 45 560 28
140 47 3520 176
140 73 10260 513
140 88 7960 398
140 98 6280 314
140 108 2400 448
140 113 2280 114
140 120 7000 350
140 155 2400 348
140 170 2240 112
140 178 2400 312
140 180 11660 583
140 187 10140 507
140 196 12100 605
140 223 10840 542
140 248 1320 66
140 258 5400 270
140 261 5920 296
140 285 2800 140
140 289 13560 678
141 10 7820 391
141 17 320 16
141 43 2400 690
141 58 11920 596
141 64 2400 142
141 161 6240 312
141 225 2400 229
141 268 8640 432
141 292 2400 153
142 41 1340 67
142 56 2400 127
142 143 860 43
142 145 2400 151
142 229 2400 245
142 294 1060 53
143 14 2400 335
143 57 2300 115
143 144 300 15
143 273 880 44
144 145 420 21
144 229 2300 115
145 12 980 49
145 80 760 38
145 82 2360 118
145 230 2720 136
146 24 2400 150
146 30 420 21
146 33 5920 296
146 52 7120 356
146 97 2400 156
146 105 2400 330
146 107 2400 613
146 130 2400 706
146 134 2400 359
146 138 2400 462
146 147 520 26
146 164 1160 58
146 169 2400 158
146 186 2400 347
146 194 2400 719
146 204 2400 265
146 205 2400 346
146 211 2400 397
146 213 12840 642
146 237 2400 686
146 245 2400 533
147 31 420 21
147 38 2400 664
147 68 980 49
147 150 2400 409
147 168 460 23
147 175 2000 100
147 185 4240 212
147 208 1000 50
147 241 1680 84
147 257 2400 677
147 278 2400 491
147 284 2400 673
148 36 2400 385
148 45 10580 529
148 47 13540 677
148 50 720 36
148 86 5100 255
148 113 12300 615
148 117 2400 407
148 127 2340 117
148 128 7320 366
148 135 820 41
148 137 3940 197
148 170 12260 613
148 176 4080 204
148 193 9340 467
148 219 1780 89
148 220 6300 315
148 222 2400 441
148 235 2400 384
148 246 2400 387
148 247 2400 330
148 248 11340 567
148 275 1740 87
148 277 4960 248
148 279 2400 487
148 282 2400 403
148 285 12820 641
148 299 2400 296
149 38 2400 283
149 48 10640 532
149 119 2400 499
149 150 560 28
149 171 2400 471
149 215 2400 548
149 252 12200 610
149 257 2400 296
149 262 13260 663
149 278 2200 110
149 284 2400 292
149 288 2400 596
150 0 8600 430
150 3 12380 619
150 37 2960 148
150 44 2400 137
150 60 13040 652
150 71 2400 379
150 72 2400 624
150 118 2400 158
150 140 2400 139
150 151 2260 113
150 152 5180 259
150 154 2400 457
150 156 11980 599
150 172 14000 700
150 195 11400 570
150 199 11820 591
150 212 1540 77
150 214 2400 279
150 216 10980 549
150 236 2540 127
150 249 2400 464
150 250 6240 312
150 256 2980 149
150 280 4820 241
150 283 2920 146
150 287 9520 476
151 1 2400 337
151 61 11280 564
151 74 2400 649
151 99 9120 456
151 110 12540 627
151 130 1120 56
151 157 2400 502
151 179 2400 566
151 181 2400 703
151 194 1380 69
151 197 14260 713
151 217 2400 455
151 237 720 36
151 253 2400 644
151 259 2400 395
151 260 2400 495
151 281 2400 143
151 286 2400 280
151 297 2400 628
152 4 2400 414
152 49 2400 280
152 62 9060 453
152 89 2400 346
152 100 7020 351
152 103 2400 665
152 114 5560 278
152 121 2400 263
152 153 720 36
152 188 8640 432
152 201 2400 719
152 251 1440 72
152 264 2400 613
152 290 2400 600
153 3 3760 188
153 5 2400 400
153 8 2400 706
153 16 8400 420
153 39 14320 716
153 60 4420 221
153 63 11580 579
153 65 14120 706
153 72 2400 193
153 75 7780 389
153 91 10680 534
153 101 2400 411
153 109 5880 294
153 111 2400 514
153 112 2400 693
153 116 2400 360
153 141 9260 463
153 142 14280 714
153 154 520 26
153 156 3360 168
153 158 8280 414
153 172 5380 269
153 195 2780 139
153 199 3200 160
153 216 2360 118
153 249 660 33
153 263 8240 412
153 269 2400 482
153 287 900 45
153 291 11640 582
153 296 5860 293
154 2 600 30
154 6 7800 390
154 9 14120 706
154 15 2380 119
154 54 13260 663
154 73 3900 195
154 77 2400 555
154 88 1600 80
154 102 8480 424
154 108 2400 130
154 120 640 32
154 155 600 30
154 180 5300 265
154 187 3780 189
154 190 10460 523
154 196 5740 287
154 198 2400 549
154 223 4480 224
154 224 10900 545
154 227 2400 653
154 265 12780 639
154 289 7200 360
155 3 840 42
155 5 2400 254
155 8 2400 560
155 16 5480 274
155 39 11400 570
155 60 1500 75
155 63 8660 433
155 65 11200 560
155 72 940 47
155 75 4860 243
155 91 7760 388
155 101 2400 265
155 109 2960 148
155 111 2400 368
155 112 2400 547
155 116 2400 214
155 141 6340 317
155 142 11360 568
155 156 440 22
155 158 5360 268
155 160 12060 603
155 172 2460 123
155 226 2400 638
155 263 5320 266
155 269 2400 336
155 271 12580 629
155 291 8720 436
155 293 11620 581
155 296 2940 147
156 7 2400 332
156 40 11580 579
156 55 12400 620
156 61 1560 78
156 66 2400 554
156 74 2400 163
156 92 7640 382
156 110 2820 141
156 157 320 16
156 162 2400 703
156 179 1600 80
156 181 2400 217
156 197 4540 227
156 253 2400 158
156 272 2400 649
156 297 2400 142
157 5 2400 180
157 8 2400 486
157 16 4000 200
157 39 9920 496
157 63 7180 359
157 65 9720 486
157 75 3380 169
157 79 13200 660
157 91 6280 314
157 101 2400 191
157 109 1480 74
157 111 2400 294
157 112 2400 473
157 116 2400 140
157 141 4860 243
157 142 9880 494
157 158 3880 194
157 160 10580 529
157 172 980 49
157 226 2400 564
157 263 3840 192
157 269 2400 262
157 271 11100 555
157 291 7240 362
157 293 10140 507
157 295 2400 702
157 296 1460 73
158 10 8800 440
158 17 1300 65
158 58 12900 645
158 64 2400 191
158 161 7220 361
158 189 740 37
158 200 800 40
158 225 2400 278
158 268 9620 481
158 292 2400 202
159 12 6520 326
159 79 3120 156
159 80 6300 315
159 82 2400 395
159 160 500 25
159 226 1200 60
159 230 8260 413
159 271 1020 51
159 295 2400 198
160 10 2100 105
160 43 2400 404
160 58 6200 310
160 161 520 26
160 268 2920 146
161 11 2400 137
161 13 2400 268
161 42 4960 248
161 59 2400 313
161 81 2400 225
161 162 600 30
161 228 1360 68
161 231 2400 319
161 274 2400 132
162 12 2860 143
162 80 2640 132
162 82 2400 212
162 230 4600 230
162 295 300 15
163 23 4580 229
163 32 7640 382
163 35 2400 624
163 51 8740 437
163 69 8600 430
163 124 2400 242
163 126 2400 342
163 132 4220 211
163 136 2400 439
163 139 2400 645
163 146 2160 108
163 148 2400 283
163 149 10860 543
163 165 2400 417
163 167 780 39
163 177 2400 648
163 191 6540 327
163 192 12340 617
163 206 2400 509
163 210 9800 490
163 218 2400 321
163 232 5860 293
163 234 11080 554
163 242 4640 232
163 243 2400 322
163 254 3480 174
163 276 2400 481
163 298 2400 543
164 36 2400 494
164 45 12760 638
164 50 2400 145
164 84 2440 122
164 86 7280 364
164 104 380 19
164 117 2400 516
164 125 1940 97
164 127 2400 226
164 128 9500 475
164 135 2400 150
164 137 6120 306
164 176 6260 313
164 184 1920 96
164 193 11520 576
164 219 3960 198
164 220 8480 424
164 222 2400 550
164 235 2400 493
164 246 2400 496
164 247 2400 439
164 248 13520 676
164 275 2400 196
164 277 7140 357
164 279 2400 596
164 282 2400 512
164 299 2400 405
165 2 2400 715
165 36 2400 251
165 45 7900 395
165 47 10860 543
165 86 2420 121
165 98 13620 681
165 113 9620 481
165 117 2400 273
165 120 14340 717
165 128 4640 232
165 137 1260 63
165 155 2400 715
165 170 9580 479
165 176 1400 70
165 178 2400 679
165 193 6660 333
165 220 3620 181
165 222 2400 307
165 235 2400 250
165 246 2400 253
165 247 2400 196
165 248 8660 433
165 258 12740 637
165 261 13260 663
165 277 2280 114
165 279 2400 353
165 282 2400 269
165 285 10140 507
165 299 2400 162
166 19 880 44
166 22 2400 333
166 27 2020 101
166 50 2400 555
166 67 5140 257
166 83 7040 352
166 84 10640 532
166 96 2400 330
166 104 2400 429
166 125 2400 507
166 127 2400 636
166 135 2400 560
166 137 14320 716
166 163 2400 146
166 174 7200 360
166 182 2400 159
166 184 10120 506
166 202 4420 221
166 219 12160 608
166 238 1720 86
166 239 5460 273
166 275 2400 606
167 24 2400 219
167 30 1800 90
167 33 7300 365
167 52 8500 425
167 97 2400 225
167 105 2400 399
167 107 2400 682
167 134 2400 428
167 138 2400 531
167 147 1900 95
167 164 2400 127
167 169 2400 227
167 183 1140 57
167 186 2400 416
167 204 2400 334
167 205 2400 415
167 211 2400 466
167 213 14220 711
167 245 2400 602
168 33 3060 153
168 52 4260 213
168 105 2400 187
168 107 2400 470
168 130 2400 563
168 134 2400 216
168 138 2400 319
168 169 300 15
168 186 2400 204
168 194 2400 576
168 204 2400 122
168 205 2400 203
168 211 2400 254
168 213 9980 499
168 237 2400 543
168 245 2400 390
168 281 2400 650
169 32 1600 80
169 35 2400 322
169 37 9820 491
169 44 2400 480
169 51 2700 135
169 69 2560 128
169 118 2400 501
169 126 800 40
169 136 2400 137
169 139 2400 343
169 140 2400 482
169 149 4820 241
169 151 9120 456
169 152 12040 602
169 165 2300 115
169 177 2400 346
169 191 500 25
169 192 6300 315
169 206 2400 207
169 210 3760 188
169 212 8400 420
169 214 2400 622
169 218 380 19
169 234 5040 252
169 236 9400 470
169 243 400 20
169 250 13100 655
169 256 9840 492
169 276 2400 179
169 280 11680 584
169 283 9780 489
169 298 2400 241
170 17 11400 570
170 48 1800 90
170 64 2400 696
170 76 2400 502
170 90 2400 504
170 115 2400 354
170 119 1140 57
170 171 580 29
170 173 2400 376
170 189 2400 542
170 200 10900 545
170 215 2120 106
170 252 3360 168
170 262 4420 221
170 288 2400 154
170 292 2400 707
171 2 900 45
171 6 8100 405
171 15 2680 134
171 54 13560 678
171 73 4200 210
171 77 2400 570
171 88 1900 95
171 102 8780 439
171 108 2400 145
171 120 940 47
171 155 900 45
171 180 5600 280
171 187 4080 204
171 190 10760 538
171 196 6040 302
171 198 2400 564
171 223 4780 239
171 224 11200 560
171 227 2400 668
171 265 13080 654
171 289 7500 375
172 10 11700 585
172 17 4200 210
172 64 2400 336
172 76 2400 142
172 90 2400 144
172 161 10120 506
172 173 320 16
172 189 2400 182
172 200 3700 185
172 225 2400 423
172 268 12520 626
172 292 2400 347
173 6 1160 58
173 9 7480 374
173 54 6620 331
173 57 11460 573
173 77 2400 223
173 78 2400 394
173 102 1840 92
173 144 9460 473
173 190 3820 191
173 198 2400 217
173 224 4260 213
173 227 2400 321
173 265 6140 307
173 267 8460 423
173 273 10040 502
173 289 560 28
174 38 2400 613
174 150 2400 358
174 175 980 49
174 185 3220 161
174 241 660 33
174 257 2400 626
174 278 2400 440
174 284 2400 622
175 33 1520 76
175 52 2720 136
175 105 2200 110
175 107 2400 393
175 130 2400 486
175 134 2400 139
175 138 2400 242
175 186 2400 127
175 194 2400 499
175 204 900 45
175 205 2400 126
175 211 2400 177
175 213 8440 422
175 237 2400 466
175 245 2400 313
175 281 2400 573
175 286 2400 710
176 1 2400 546
176 99 13300 665
176 107 2400 172
176 130 2400 265
176 138 420 21
176 157 2400 711
176 194 2400 278
176 213 4020 201
176 217 2400 664
176 237 2400 245
176 245 1840 92
176 259 2400 604
176 260 2400 704
176 281 2400 352
176 286 2400 489
177 2 2400 484
177 15 11460 573
177 36 400 20
177 45 3280 164
177 47 6240 312
177 73 12980 649
177 88 10680 534
177 98 9000 450
177 108 2400 584
177 113 5000 250
177 117 840 42
177 120 9720 486
177 155 2400 484
177 170 4960 248
177 178 2400 448
177 180 14380 719
177 187 12860 643
177 193 2040 102
177 222 1520 76
177 223 13560 678
177 235 380 19
177 246 440 22
177 248 4040 202
177 258 8120 406
177 261 8640 432
177 279 2400 122
177 282 760 38
177 285 5520 276
178 3 1560 78
178 5 2400 290
178 8 2400 596
178 16 6200 310
178 39 12120 606
178 60 2220 111
178 63 9380 469
178 65 11920 596
178 72 1660 83
178 75 5580 279
178 91 8480 424
178 101 2400 301
178 109 3680 184
178 111 2400 404
178 112 2400 583
178 116 2400 250
178 141 7060 353
178 142 12080 604
178 156 1160 58
178 158 6080 304
178 160 12780 639
178 172 3180 159
178 195 580 29
178 199 1000 50
178 226 2400 674
178 263 6040 302
178 269 2400 372
178 271 13300 665
178 291 9440 472
178 293 12340 617
178 296 3660 183
179 6 3200 160
179 9 9520 476
179 54 8660 433
179 57 13500 675
179 77 2400 325
179 78 2400 496
179 102 3880 194
179 144 11500 575
179 180 700 35
179 190 5860 293
179 196 1140 57
179 198 2400 319
179 224 6300 315
179 227 2400 423
179 265 8180 409
179 267 10500 525
179 273 12080 604
179 289 2600 130
180 7 2400 147
180 11 2400 625
180 40 7880 394
180 55 8700 435
180 66 2400 369
180 81 2400 713
180 92 3940 197
180 162 2400 518
180 181 640 32
180 197 840 42
180 228 11120 556
180 272 2400 464
180 274 2400 620
181 8 2400 285
181 12 12580 629
181 39 5900 295
181 63 3160 158
181 65 5700 285
181 79 9180 459
181 80 12360 618
181 82 2400 698
181 91 2260 113
181 111 1860 93
181 112 2400 272
181 141 840 42
181 142 5860 293
181 160 6560 328
181 226 2400 363
181 230 14320 716
181 269 1220 61
181 271 7080 354
181 291 3220 161
181 293 6120 306
181 295 2400 501
182 23 4320 216
182 32 7380 369
182 35 2400 611
182 51 8480 424
182 69 8340 417
182 124 2400 229
182 126 2400 329
182 132 3960 198
182 136 2400 426
182 139 2400 632
182 146 1900 95
182 148 2400 270
182 149 10600 530
182 165 2400 404
182 167 520 26
182 177 2400 635
182 191 6280 314
182 192 12080 604
182 206 2400 496
182 210 9540 477
182 212 14180 709
182 218 2400 308
182 232 5600 280
182 234 10820 541
182 242 4380 219
182 243 2400 309
182 254 3220 161
182 276 2400 468
182 298 2400 530
183 23 1940 97
183 32 5000 250
183 35 2400 492
183 37 13220 661
183 44 2400 650
183 51 6100 305
183 69 5960 298
183 118 2400 671
183 124 2200 110
183 126 2400 210
183 132 1580 79
183 136 2400 307
183 139 2400 513
183 140 2400 652
183 148 2400 151
183 149 8220 411
183 151 12520 626
183 165 2400 285
183 177 2400 516
183 191 3900 195
183 192 9700 485
183 206 2400 377
183 210 7160 358
183 212 11800 590
183 218 2400 189
183 232 3220 161
183 234 8440 422
183 236 12800 640
183 242 2000 100
183 243 2400 190
183 254 840 42
183 256 13240 662
183 276 2400 349
183 283 13180 659
183 298 2400 411
184 38 2400 467
184 48 14320 716
184 119 2400 683
184 150 2400 212
184 171 2400 655
184 185 300 15
184 257 2400 480
184 278 2400 294
184 284 2400 476
185 1 2400 655
185 52 480 24
185 107 2400 281
185 130 2400 374
185 134 540 27
185 138 2400 130
185 186 300 15
185 194 2400 387
185 211 1300 65
185 213 6200 310
185 237 2400 354
185 245 2400 201
185 259 2400 713
185 281 2400 461
185 286 2400 598
186 2 2400 669
186 36 2400 205
186 45 6980 349
186 47 9940 497
186 86 1500 75
186 88 14380 719
186 98 12700 635
186 113 8700 435
186 117 2400 227
186 120 13420 671
186 128 3720 186
186 137 340 17
186 155 2400 669
186 170 8660 433
186 176 480 24
186 178 2400 633
186 193 5740 287
186 220 2700 135
186 222 2400 261
186 235 2400 204
186 246 2400 207
186 247 2400 150
186 248 7740 387
186 258 11820 591
186 261 12340 617
186 277 1360 68
186 279 2400 307
186 282 2400 223
186 285 9220 461
186 299 2320 116
187 18 2400 370
187 41 2400 553
187 56 2400 613
187 62 1060 53
187 93 2400 358
187 103 2400 265
187 143 2400 529
187 145 2400 637
187 159 2400 360
187 188 640 32
187 201 2400 319
187 264 2400 213
187 266 2400 467
187 270 2400 391
187 290 2400 200
187 294 2400 539
188 10 9160 458
188 17 1660 83
188 58 13260 663
188 64 2400 209
188 76 300 15
188 90 340 17
188 161 7580 379
188 189 1100 55
188 200 1160 58
188 225 2400 296
188 268 9980 499
188 292 2400 220
189 9 4160 208
189 14 2400 627
189 54 3300 165
189 57 8140 407
189 77 1140 57
189 78 2400 228
189 144 6140 307
189 190 500 25
189 198 1020 51
189 224 940 47
189 227 2400 155
189 265 2820 141
189 267 5140 257
189 273 6720 336
190 18 720 36
190 41 2400 219
190 56 2400 279
190 93 480 24
190 143 2400 195
190 145 2400 303
190 159 520 26
190 229 2400 397
190 266 2400 133
190 270 1140 57
190 294 2400 205
191 34 2320 116
191 46 2400 551
191 53 2400 202
191 70 2400 174
191 85 2340 117
191 87 2400 248
191 106 5140 257
191 129 7000 350
191 153 2400 613
191 221 2400 301
191 244 1700 85
191 251 12980 649
192 1 2400 478
192 61 14100 705
192 99 11940 597
192 107 2080 104
192 130 2400 197
192 157 2400 643
192 179 2400 707
192 194 2400 210
192 213 2660 133
192 217 2400 596
192 237 2400 177
192 245 480 24
192 259 2400 536
192 260 2400 636
192 281 2400 284
192 286 2400 421
193 1 2400 283
193 61 10200 510
193 74 2400 595
193 99 8040 402
193 110 11460 573
193 157 2400 448
193 179 2400 512
193 181 2400 649
193 194 300 15
193 197 13180 659
193 217 2400 401
193 253 2400 590
193 259 2400 341
193 260 2400 441
193 281 1780 89
193 286 2400 226
193 297 2400 574
194 0 4240 212
194 3 8020 401
194 5 2400 613
194 16 12660 633
194 60 8680 434
194 71 2400 161
194 72 2400 406
194 75 12040 602
194 101 2400 624
194 109 10140 507
194 116 2400 573
194 141 13520 676
194 152 820 41
194 154 2400 239
194 156 7620 381
194 158 12540 627
194 172 9640 482
194 195 7040 352
194 199 7460 373
194 214 1220 61
194 216 6620 331
194 249 2400 246
194 250 1880 94
194 263 12500 625
194 269 2400 695
194 280 460 23
194 287 5160 258
194 296 10120 506
195 7 2400 361
195 40 12160 608
195 55 12980 649
195 61 2140 107
195 66 2400 583
195 74 2400 192
195 92 8220 411
195 110 3400 170
195 157 900 45
195 179 2180 109
195 181 2400 246
195 197 5120 256
195 253 2400 187
195 260 760 38
195 272 2400 678
195 297 2400 171
196 7 2400 125
196 11 2400 603
196 40 7440 372
196 42 14280 714
196 55 8260 413
196 66 2400 347
196 81 2400 691
196 92 3500 175
196 162 2400 496
196 197 400 20
196 228 10680 534
196 272 2400 442
196 274 2400 598
197 18 2400 187
197 41 2400 370
197 56 2400 430
197 93 2400 175
197 103 1640 82
197 143 2400 346
197 145 2400 454
197 159 2400 177
197 201 2400 136
197 229 2400 548
197 264 600 30
197 266 2400 284
197 270 2400 208
197 290 340 17
197 294 2400 356
198 8 820 41
198 12 7700 385
198 39 1020 51
198 65 820 41
198 79 4300 215
198 80 7480 374
198 82 2400 454
198 112 560 28
198 142 980 49
198 160 1680 84
198 226 2380 119
198 230 9440 472
198 271 2200 110
198 293 1240 62
198 295 2400 257
199 4 1640 82
199 18 2400 438
199 41 2400 621
199 56 2400 681
199 62 2420 121
199 93 2400 426
199 100 380 19
199 103 2400 333
199 143 2400 597
199 145 2400 705
199 159 2400 428
199 188 2000 100
199 201 2400 387
199 264 2400 281
199 266 2400 535
199 270 2400 459
199 290 2400 268
199 294 2400 607
200 18 1400 70
200 41 2400 253
200 56 2400 313
200 93 1160 58
200 143 2400 229
200 145 2400 337
200 159 1200 60
200 201 380 19
200 229 2400 431
200 266 2400 167
200 270 1820 91
200 294 2400 239
201 8 460 23
201 12 7340 367
201 39 660 33
201 65 460 23
201 79 3940 197
201 80 7120 356
201 82 2400 436
201 142 620 31
201 160 1320 66
201 226 2020 101
201 230 9080 454
201 271 1840 92
201 293 880 44
201 295 2400 239
202 34 2400 445
202 53 2400 531
202 70 2400 503
202 85 2400 446
202 87 2400 577
202 106 11720 586
202 129 13580 679
202 133 2400 246
202 203 540 27
202 209 2400 340
202 221 2400 630
202 233 6220 311
202 240 1480 74
202 244 2400 414
202 255 6780 339
203 31 440 22
203 38 2400 665
203 68 1000 50
203 150 2400 410
203 168 480 24
203 175 2020 101
203 185 4260 213
203 208 1020 51
203 241 1700 85
203 257 2400 678
203 278 2400 492
203 284 2400 674
204 0 13320 666
204 35 2400 215
204 37 7680 384
204 44 2400 373
204 51 560 28
204 69 420 21
204 71 2400 615
204 118 2400 394
204 136 600 30
204 139 2400 236
204 140 2400 375
204 149 2680 134
204 151 6980 349
204 152 9900 495
204 154 2400 693
204 177 2400 239
204 192 4160 208
204 206 2000 100
204 210 1620 81
204 212 6260 313
204 214 2400 515
204 234 2900 145
204 236 7260 363
204 249 2400 700
204 250 10960 548
204 256 7700 385
204 276 1440 72
204 280 9540 477
204 283 7640 382
204 287 14240 712
204 298 2400 134
205 0 11700 585
205 35 2400 134
205 37 6060 303
205 44 2400 292
205 71 2400 534
205 118 2400 313
205 139 2400 155
205 140 2400 294
205 149 1060 53
205 151 5360 268
205 152 8280 414
205 154 2400 612
205 177 2400 158
205 192 2540 127
205 206 380 19
205 212 4640 232
205 214 2400 434
205 216 14080 704
205 234 1280 64
205 236 5640 282
205 249 2400 619
205 250 9340 467
205 256 6080 304
205 280 7920 396
205 283 6020 301
205 287 12620 631
205 298 1060 53
206 2 2400 623
206 15 14240 712
206 36 2400 159
206 45 6060 303
206 47 9020 451
206 86 580 29
206 88 13460 673
206 98 11780 589
206 113 7780 389
206 117 2400 181
206 120 12500 625
206 128 2800 140
206 155 2400 623
206 170 7740 387
206 178 2400 587
206 193 4820 241
206 220 1780 89
206 222 2400 215
206 235 2400 158
206 246 2400 161
206 247 2080 104
206 248 6820 341
206 258 10900 545
206 261 11420 571
206 277 440 22
206 279 2400 261
206 282 2400 177
206 285 8300 415
206 299 1400 70
207 34 2400 441
207 53 2400 527
207 70 2400 499
207 85 2400 442
207 87 2400 573
207 106 11640 582
207 129 13500 675
207 133 2400 242
207 203 460 23
207 209 2400 336
207 221 2400 626
207 233 6140 307
207 240 1400 70
207 244 2400 410
207 255 6700 335
208 34 2400 157
208 46 2400 592
208 53 2400 243
208 70 2400 215
208 85 2400 158
208 87 2400 289
208 106 5960 298
208 129 7820 391
208 153 2400 654
208 209 1040 52
208 221 2400 342
208 233 460 23
208 244 2400 126
208 251 13800 690
208 255 1020 51
209 0 12020 601
209 35 2400 150
209 37 6380 319
209 44 2400 308
209 71 2400 550
209 118 2400 329
209 139 2400 171
209 140 2400 310
209 149 1380 69
209 151 5680 284
209 152 8600 430
209 154 2400 628
209 177 2400 174
209 192 2860 143
209 206 700 35
209 210 320 16
209 212 4960 248
209 214 2400 450
209 216 14400 720
209 234 1600 80
209 236 5960 298
209 249 2400 635
209 250 9660 483
209 256 6400 320
209 280 8240 412
209 283 6340 317
209 287 12940 647
209 298 1380 69
210 1 2400 605
210 107 2400 231
210 130 2400 324
210 138 1600 80
210 194 2400 337
210 211 300 15
210 213 5200 260
210 237 2400 304
210 245 2400 151
210 259 2400 663
210 281 2400 411
210 286 2400 548
211 0 10680 534
211 35 1660 83
211 37 5040 252
211 44 2400 241
211 71 2400 483
211 118 2400 262
211 139 2080 104
211 140 2400 243
211 151 4340 217
211 152 7260 363
211 154 2400 561
211 156 14060 703
211 177 2140 107
211 192 1520 76
211 195 13480 674
211 199 13900 695
211 212 3620 181
211 214 2400 383
211 216 13060 653
211 236 4620 231
211 249 2400 568
211 250 8320 416
211 256 5060 253
211 280 6900 345
211 283 5000 250
211 287 11600 580
212 1 2400 373
212 61 12000 600
212 74 2400 685
212 99 9840 492
212 110 13260 663
212 130 1840 92
212 157 2400 538
212 179 2400 602
212 194 2100 105
212 213 560 28
212 217 2400 491
212 237 1440 72
212 253 2400 680
212 259 2400 431
212 260 2400 531
212 281 2400 179
212 286 2400 316
212 297 2400 664
213 38 960 48
213 48 5940 297
213 76 2400 709
213 90 2400 711
213 115 2400 561
213 119 2400 264
213 171 2400 236
213 173 2400 583
213 215 2400 313
213 252 7500 375
213 257 1220 61
213 262 8560 428
213 284 1140 57
213 288 2400 361
214 2 2400 208
214 6 11360 568
214 15 5940 297
214 47 720 36
214 73 7460 373
214 88 5160 258
214 98 3480 174
214 102 12040 602
214 108 2400 308
214 120 4200 210
214 155 2400 208
214 178 2400 172
214 180 8860 443
214 187 7340 367
214 190 14020 701
214 196 9300 465
214 223 8040 402
214 258 2600 130
214 261 3120 156
214 289 10760 538
215 3 1980 99
215 5 2400 311
215 8 2400 617
215 16 6620 331
215 39 12540 627
215 60 2640 132
215 63 9800 490
215 65 12340 617
215 72 2080 104
215 75 6000 300
215 91 8900 445
215 101 2400 322
215 109 4100 205
215 111 2400 425
215 112 2400 604
215 116 2400 271
215 141 7480 374
215 142 12500 625
215 156 1580 79
215 158 6500 325
215 160 13200 660
215 172 3600 180
215 195 1000 50
215 199 1420 71
215 216 580 29
215 226 2400 695
215 263 6460 323
215 269 2400 393
215 271 13720 686
215 291 9860 493
215 293 12760 638
215 296 4080 204
216 7 2400 382
216 40 12580 629
216 55 13400 670
216 61 2560 128
216 66 2400 604
216 74 2400 213
216 92 8640 432
216 99 400 20
216 110 3820 191
216 157 1320 66
216 179 2400 130
216 181 2400 267
216 197 5540 277
216 217 380 19
216 253 2400 208
216 260 1180 59
216 272 2400 699
216 297 2400 192
217 3 300 15
217 5 2400 227
217 8 2400 533
217 16 4940 247
217 39 10860 543
217 60 960 48
217 63 8120 406
217 65 10660 533
217 72 400 20
217 75 4320 216
217 79 14140 707
217 91 7220 361
217 101 2400 238
217 109 2420 121
217 111 2400 341
217 112 2400 520
217 116 2400 187
217 141 5800 290
217 142 10820 541
217 158 4820 241
217 160 11520 576
217 172 1920 96
217 226 2400 611
217 263 4780 239
217 269 2400 309
217 271 12040 602
217 291 8180 409
217 293 11080 554
217 296 2400 120
218 36 2400 347
218 45 9820 491
218 47 12780 639
218 86 4340 217
218 113 11540 577
218 117 2400 369
218 127 1580 79
218 128 6560 328
218 137 3180 159
218 170 11500 575
218 176 3320 166
218 193 8580 429
218 219 1020 51
218 220 5540 277
218 222 2400 403
218 235 2400 346
218 246 2400 349
218 247 2400 292
218 248 10580 529
218 275 980 49
218 277 4200 210
218 279 2400 449
218 282 2400 365
218 285 12060 603
218 299 2400 258
219 34 1160 58
219 46 2400 493
219 53 2400 144
219 70 2320 116
219 85 1180 59
219 87 2400 190
219 106 3980 199
219 129 5840 292
219 153 2400 555
219 221 2400 243
219 244 540 27
219 251 11820 591
220 4 2400 707
220 46 2400 267
220 49 2400 573
220 89 2400 639
220 100 12880 644
220 114 11420 571
220 121 2400 556
220 129 1320 66
220 153 2400 329
220 221 340 17
220 251 7300 365
221 2 2400 445
221 15 10680 534
221 45 2500 125
221 47 5460 273
221 73 12200 610
221 88 9900 495
221 98 8220 411
221 108 2400 545
221 113 4220 211
221 120 8940 447
221 155 2400 445
221 170 4180 209
221 178 2400 409
221 180 13600 680
221 187 12080 604
221 193 1260 63
221 196 14040 702
221 222 740 37
221 223 12780 639
221 248 3260 163
221 258 7340 367
221 261 7860 393
221 279 1660 83
221 285 4740 237
222 0 5220 261
222 3 9000 450
222 5 2400 662
222 16 13640 682
222 60 9660 483
222 71 2400 210
222 72 2400 455
222 75 13020 651
222 101 2400 673
222 109 11120 556
222 116 2400 622
222 152 1800 90
222 154 2400 288
222 156 8600 430
222 158 13520 676
222 172 10620 531
222 195 8020 401
222 199 8440 422
222 214 2200 110
222 216 7600 380
222 249 2400 295
222 250 2860 143
222 263 13480 674
222 280 1440 72
222 287 6140 307
222 296 11100 555
223 10 10300 515
223 17 2800 140
223 58 14400 720
223 64 2400 266
223 76 1440 72
223 90 1480 74
223 161 8720 436
223 189 2240 112
223 200 2300 115
223 225 2400 353
223 268 11120 556
223 292 2400 277
224 10 3880 194
224 43 2400 493
224 58 7980 399
224 161 2300 115
224 225 640 32
224 268 4700 235
225 12 5680 284
225 79 2280 114
225 80 5460 273
225 82 2400 353
225 226 360 18
225 230 7420 371
225 295 2400 156
226 14 2400 367
226 57 2940 147
226 144 940 47
226 273 1520 76
227 12 5620 281
227 79 2220 111
227 80 5400 270
227 82 2400 350
227 226 300 15
227 230 7360 368
227 295 2400 153
228 229 680 34
229 82 480 24
229 230 840 42
230 59 340 17
230 231 460 23
232 34 2400 150
232 46 2400 585
232 53 2400 236
232 70 2400 208
232 85 2400 151
232 87 2400 282
232 106 5820 291
232 129 7680 384
232 153 2400 647
232 209 900 45
232 221 2400 335
232 233 320 16
232 244 2380 119
232 251 13660 683
232 255 880 44
233 1 2400 670
233 52 780 39
233 107 2400 296
233 130 2400 389
233 134 840 42
233 138 2400 145
233 186 600 30
233 194 2400 402
233 205 580 29
233 211 1600 80
233 213 6500 325
233 237 2400 369
233 245 2400 216
233 281 2400 476
233 286 2400 613
234 46 2400 324
234 49 2400 630
234 87 420 21
234 89 2400 696
234 100 14020 701
234 106 600 30
234 114 12560 628
234 121 2400 613
234 129 2460 123
234 153 2400 386
234 221 1480 74
234 251 8440 422
235 0 6360 318
235 3 10140 507
235 5 2400 719
235 37 720 36
235 44 500 25
235 60 10800 540
235 71 2400 267
235 72 2400 512
235 75 14160 708
235 109 12260 613
235 116 2400 679
235 118 920 46
235 140 540 27
235 152 2940 147
235 154 2400 345
235 156 9740 487
235 172 11760 588
235 195 9160 458
235 199 9580 479
235 214 2400 167
235 216 8740 437
235 236 300 15
235 249 2400 352
235 250 4000 200
235 256 740 37
235 280 2580 129
235 283 680 34
235 287 7280 364
235 296 12240 612
236 1 2400 323
236 61 11000 550
236 74 2400 635
236 99 8840 442
236 110 12260 613
236 130 840 42
236 157 2400 488
236 179 2400 552
236 181 2400 689
236 194 1100 55
236 197 13980 699
236 217 2400 441
236 237 440 22
236 253 2400 630
236 259 2400 381
236 260 2400 481
236 281 2400 129
236 286 2400 266
236 297 2400 614
237 0 4900 245
237 3 8680 434
237 5 2400 646
237 16 13320 666
237 60 9340 467
237 71 2400 194
237 72 2400 439
237 75 12700 635
237 101 2400 657
237 109 10800 540
237 116 2400 606
237 141 14180 709
237 152 1480 74
237 154 2400 272
237 156 8280 414
237 158 13200 660
237 172 10300 515
237 195 7700 385
237 199 8120 406
237 214 1880 94
237 216 7280 364
237 249 2400 279
237 250 2540 127
237 263 13160 658
237 280 1120 56
237 287 5820 291
237 296 10780 539
238 23 5780 289
238 28 640 32
238 32 8840 442
238 35 2400 684
238 51 9940 497
238 69 9800 490
238 124 2400 302
238 126 2400 402
238 131 960 48
238 132 5420 271
238 136 2400 499
238 139 2400 705
238 146 3360 168
238 148 2400 343
238 149 12060 603
238 165 2400 477
238 167 1980 99
238 177 2400 708
238 191 7740 387
238 192 13540 677
238 206 2400 569
238 207 1240 62
238 210 11000 550
238 218 2400 381
238 232 7060 353
238 234 12280 614
238 242 5840 292
238 243 2400 382
238 254 4680 234
238 276 2400 541
238 298 2400 603
239 34 2400 393
239 53 2400 479
239 70 2400 451
239 85 2400 394
239 87 2400 525
239 106 10680 534
239 129 12540 627
239 133 2400 194
239 209 2400 288
239 221 2400 578
239 233 5180 259
239 240 440 22
239 244 2400 362
239 255 5740 287
240 38 2400 618
240 150 2400 363
240 175 1080 54
240 185 3320 166
240 241 760 38
240 257 2400 631
240 278 2400 445
240 284 2400 627
241 32 1240 62
241 35 2400 304
241 37 9460 473
241 44 2400 462
241 51 2340 117
241 69 2200 110
241 71 2400 704
241 118 2400 483
241 126 440 22
241 136 2380 119
241 139 2400 325
241 140 2400 464
241 149 4460 223
241 151 8760 438
241 152 11680 584
241 165 1940 97
241 177 2400 328
241 192 5940 297
241 206 2400 189
241 210 3400 170
241 212 8040 402
241 214 2400 604
241 234 4680 234
241 236 9040 452
241 250 12740 637
241 256 9480 474
241 276 2400 161
241 280 11320 566
241 283 9420 471
241 298 2400 223
242 24 520 26
242 33 3440 172
242 52 4640 232
242 97 640 32
242 105 2400 206
242 107 2400 489
242 130 2400 582
242 134 2400 235
242 138 2400 338
242 169 680 34
242 186 2400 223
242 194 2400 595
242 204 2400 141
242 205 2400 222
242 211 2400 273
242 213 10360 518
242 237 2400 562
242 245 2400 409
242 281 2400 669
243 36 2400 346
243 45 9800 490
243 47 12760 638
243 86 4320 216
243 113 11520 576
243 117 2400 368
243 127 1560 78
243 128 6540 327
243 137 3160 158
243 170 11480 574
243 176 3300 165
243 193 8560 428
243 219 1000 50
243 220 5520 276
243 222 2400 402
243 235 2400 345
243 246 2400 348
243 247 2400 291
243 248 10560 528
243 275 960 48
243 277 4180 209
243 279 2400 448
243 282 2400 364
243 285 12040 602
243 299 2400 257
244 0 10540 527
244 3 14320 716
244 35 1520 76
244 37 4900 245
244 44 2400 234
244 71 2400 476
244 118 2400 255
244 139 1940 97
244 140 2400 236
244 151 4200 210
244 152 7120 356
244 154 2400 554
244 156 13920 696
244 177 2000 100
244 192 1380 69
244 195 13340 667
244 199 13760 688
244 212 3480 174
244 214 2400 376
244 216 12920 646
244 236 4480 224
244 249 2400 561
244 250 8180 409
244 256 4920 246
244 280 6760 338
244 283 4860 243
244 287 11460 573
245 2 2400 483
245 15 11440 572
245 36 380 19
245 45 3260 163
245 47 6220 311
245 73 12960 648
245 88 10660 533
245 98 8980 449
245 108 2400 583
245 113 4980 249
245 117 820 41
245 120 9700 485
245 155 2400 483
245 170 4940 247
245 178 2400 447
245 180 14360 718
245 187 12840 642
245 193 2020 101
245 222 1500 75
245 223 13540 677
245 235 360 18
245 246 420 21
245 248 4020 201
245 258 8100 405
245 261 8620 431
245 279 2400 121
245 282 740 37
245 285 5500 275
246 0 6300 315
246 3 10080 504
246 5 2400 716
246 37 660 33
246 44 440 22
246 60 10740 537
246 71 2400 264
246 72 2400 509
246 75 14100 705
246 109 12200 610
246 116 2400 676
246 118 860 43
246 140 480 24
246 152 2880 144
246 154 2400 342
246 156 9680 484
246 172 11700 585
246 195 9100 455
246 199 9520 476
246 214 2400 164
246 216 8680 434
246 249 2400 349
246 250 3940 197
246 256 680 34
246 280 2520 126
246 283 620 31
246 287 7220 361
246 296 12180 609
247 0 7440 372
247 3 11220 561
247 37 1800 90
247 44 1580 79
247 60 11880 594
247 71 2400 321
247 72 2400 566
247 109 13340 667
247 118 2000 100
247 140 1620 81
247 151 1100 55
247 152 4020 201
247 154 2400 399
247 156 10820 541
247 172 12840 642
247 195 10240 512
247 199 10660 533
247 212 380 19
247 214 2400 221
247 216 9820 491
247 236 1380 69
247 249 2400 406
247 250 5080 254
247 256 1820 91
247 280 3660 183
247 283 1760 88
247 287 8360 418
247 296 13320 666
248 4 2400 455
248 46 300 15
248 49 2400 321
248 62 9880 494
248 89 2400 387
248 100 7840 392
248 103 2400 706
248 114 6380 319
248 121 2400 304
248 153 1540 77
248 188 9460 473
248 251 2260 113
248 264 2400 654
248 290 2400 641
249 2 460 23
249 6 7660 383
249 9 13980 699
249 15 2240 112
249 54 13120 656
249 73 3760 188
249 77 2400 548
249 78 2400 719
249 88 1460 73
249 102 8340 417
249 108 2400 123
249 120 500 25
249 155 460 23
249 180 5160 258
249 187 3640 182
249 190 10320 516
249 196 5600 280
249 198 2400 542
249 223 4340 217
249 224 10760 538
249 227 2400 646
249 265 12640 632
249 289 7060 353
250 4 2400 361
250 18 2400 717
250 49 2400 227
250 62 8000 400
250 89 2400 293
250 93 2400 705
250 100 5960 298
250 103 2400 612
250 114 4500 225
250 121 2400 210
250 159 2400 707
250 188 7580 379
250 201 2400 666
250 251 380 19
250 264 2400 560
250 290 2400 547
251 17 8860 443
251 64 2400 569
251 76 2400 375
251 90 2400 377
251 115 2400 227
251 173 2400 249
251 189 2400 415
251 200 8360 418
251 225 2400 656
251 252 820 41
251 262 1880 94
251 288 540 27
251 292 2400 580
252 4 1820 91
252 18 2400 447
252 41 2400 630
252 56 2400 690
252 62 2600 130
252 89 460 23
252 93 2400 435
252 100 560 28
252 103 2400 342
252 143 2400 606
252 145 2400 714
252 159 2400 437
252 188 2180 109
252 201 2400 396
252 264 2400 290
252 266 2400 544
252 270 2400 468
252 290 2400 277
252 294 2400 616
253 5 760 38
253 8 2400 344
253 12 13760 688
253 16 1160 58
253 39 7080 354
253 63 4340 217
253 65 6880 344
253 75 540 27
253 79 10360 518
253 80 13540 677
253 91 3440 172
253 101 980 49
253 111 2400 152
253 112 2400 331
253 141 2020 101
253 142 7040 352
253 158 1040 52
253 160 7740 387
253 226 2400 422
253 263 1000 50
253 269 2400 120
253 271 8260 413
253 291 4400 220
253 293 7300 365
253 295 2400 560
254 38 2400 652
254 68 740 37
254 150 2400 397
254 175 1760 88
254 185 4000 200
254 208 760 38
254 241 1440 72
254 257 2400 665
254 278 2400 479
254 284 2400 661
255 38 2400 353
255 48 12040 602
255 119 2400 569
255 150 1960 98
255 171 2400 541
255 215 2400 618
255 252 13600 680
255 257 2400 366
255 278 2400 180
255 284 2400 362
255 288 2400 666
256 38 640 32
256 48 5620 281
256 76 2400 693
256 90 2400 695
256 115 2400 545
256 119 2400 248
256 171 2400 220
256 173 2400 567
256 215 2400 297
256 252 7180 359
256 257 900 45
256 262 8240 412
256 284 820 41
256 288 2400 345
257 0 3240 162
257 3 7020 351
257 5 2400 563
257 16 11660 583
257 60 7680 384
257 71 2220 111
257 72 2400 356
257 75 11040 552
257 91 13940 697
257 101 2400 574
257 109 9140 457
257 111 2400 677
257 116 2400 523
257 141 12520 626
257 154 2400 189
257 156 6620 331
257 158 11540 577
257 172 8640 432
257 195 6040 302
257 199 6460 323
257 216 5620 281
257 249 2400 196
257 250 880 44
257 263 11500 575
257 269 2400 645
257 287 4160 208
257 296 9120 456
258 7 2400 460
258 40 14140 707
258 61 4120 206
258 66 2400 682
258 74 2400 291
258 92 10200 510
258 99 1960 98
258 110 5380 269
258 157 2400 144
258 179 2400 208
258 181 2400 345
258 197 7100 355
258 217 1940 97
258 253 2400 286
258 259 740 37
258 260 2400 137
258 297 2400 270
259 3 1500 75
259 5 2400 287
259 8 2400 593
259 16 6140 307
259 39 12060 603
259 60 2160 108
259 63 9320 466
259 65 11860 593
259 72 1600 80
259 75 5520 276
259 91 8420 421
259 101 2400 298
259 109 3620 181
259 111 2400 401
259 112 2400 580
259 116 2400 247
259 141 7000 350
259 142 12020 601
259 156 1100 55
259 158 6020 301
259 160 12720 636
259 172 3120 156
259 195 520 26
259 199 940 47
259 226 2400 671
259 263 5980 299
259 269 2400 369
259 271 13240 662
259 291 9380 469
259 293 12280 614
259 296 3600 180
260 5 2400 187
260 8 2400 493
260 16 4140 207
260 39 10060 503
260 63 7320 366
260 65 9860 493
260 75 3520 176
260 79 13340 667
260 91 6420 321
260 101 2400 198
260 109 1620 81
260 111 2400 301
260 112 2400 480
260 116 2400 147
260 141 5000 250
260 142 10020 501
260 158 4020 201
260 160 10720 536
260 172 1120 56
260 226 2400 571
260 263 3980 199
260 269 2400 269
260 271 11240 562
260 291 7380 369
260 293 10280 514
260 295 2400 709
260 296 1600 80
261 17 7720 386
261 64 2400 512
261 76 2400 318
261 90 2400 320
261 115 2400 170
261 161 13640 682
261 173 2400 192
261 189 2400 358
261 200 7220 361
261 225 2400 599
261 262 740 37
261 292 2400 523
262 7 2400 304
262 40 11020 551
262 55 11840 592
262 61 1000 50
262 66 2400 526
262 74 2400 135
262 92 7080 354
262 110 2260 113
262 162 2400 675
262 179 1040 52
262 181 2400 189
262 197 3980 199
262 228 14260 713
262 253 2400 130
262 272 2400 621
262 297 2280 114
263 18 2400 186
263 41 2400 369
263 56 2400 429
263 93 2400 174
263 103 1620 81
263 143 2400 345
263 145 2400 453
263 159 2400 176
263 201 2400 135
263 229 2400 547
263 264 580 29
263 266 2400 283
263 270 2400 207
263 290 320 16
263 294 2400 355
264 9 4640 232
264 14 2400 651
264 54 3780 189
264 57 8620 431
264 77 1620 81
264 78 2400 252
264 144 6620 331
264 190 980 49
264 198 1500 75
264 224 1420 71
264 227 2400 179
264 265 3300 165
264 267 5620 281
264 273 7200 360
265 41 2060 103
265 56 2400 163
265 143 1580 79
265 145 2400 187
265 229 2400 281
265 266 340 17
265 294 1780 89
266 14 2400 397
266 57 3540 177
266 144 1540 77
266 267 540 27
266 273 2120 106
267 43 2400 283
267 58 3780 189
267 268 500 25
268 11 340 17
268 13 2400 148
268 42 2560 128
268 59 2400 193
268 81 2100 105
268 231 2400 199
269 9 5000 250
269 14 2400 669
269 54 4140 207
269 57 8980 449
269 77 1980 99
269 78 2400 270
269 144 6980 349
269 190 1340 67
269 198 1860 93
269 224 1780 89
269 227 2400 197
269 265 3660 183
269 267 5980 299
269 273 7560 378
270 12 5900 295
270 79 2500 125
270 80 5680 284
270 82 2400 364
270 226 580 29
270 230 7640 382
270 271 400 20
270 295 2400 167
271 11 2400 203
271 13 2400 334
271 42 6280 314
271 59 2400 379
271 81 2400 291
271 162 1920 96
271 228 2680 134
271 231 2400 385
271 272 840 42
271 274 2400 198
272 14 2400 326
272 57 2120 106
272 273 700 35
273 11 1120 56
273 13 2400 187
273 42 3340 167
273 59 2400 232
273 81 2400 144
273 231 2400 238
273 274 1020 51
274 12 820 41
274 80 600 30
274 82 2200 110
274 230 2560 128
275 0 12300 615
275 35 2400 164
275 37 6660 333
275 44 2400 322
275 71 2400 564
275 118 2400 343
275 139 2400 185
275 140 2400 324
275 149 1660 83
275 151 5960 298
275 152 8880 444
275 154 2400 642
275 177 2400 188
275 192 3140 157
275 206 980 49
275 210 600 30
275 212 5240 262
275 214 2400 464
275 234 1880 94
275 236 6240 312
275 249 2400 649
275 250 9940 497
275 256 6680 334
275 276 420 21
275 280 8520 426
275 283 6620 331
275 287 13220 661
275 298 1660 83
276 2 2400 651
276 36 2400 187
276 45 6620 331
276 47 9580 479
276 86 1140 57
276 88 14020 701
276 98 12340 617
276 113 8340 417
276 117 2400 209
276 120 13060 653
276 128 3360 168
276 155 2400 651
276 170 8300 415
276 178 2400 615
276 193 5380 269
276 220 2340 117
276 222 2400 243
276 235 2400 186
276 246 2400 189
276 247 2400 132
276 248 7380 369
276 258 11460 573
276 261 11980 599
276 277 1000 50
276 279 2400 289
276 282 2400 205
276 285 8860 443
276 299 1960 98
277 38 2400 206
277 48 9100 455
277 115 2400 719
277 119 2400 422
277 171 2400 394
277 215 2400 471
277 252 10660 533
277 257 2400 219
277 262 11720 586
277 278 660 33
277 284 2400 215
277 288 2400 519
278 2 2400 406
278 15 9900 495
278 45 1720 86
278 47 4680 234
278 73 11420 571
278 88 9120 456
278 98 7440 372
278 108 2400 506
278 113 3440 172
278 120 8160 408
278 155 2400 406
278 170 3400 170
278 178 2400 370
278 180 12820 641
278 187 11300 565
278 193 480 24
278 196 13260 663
278 223 12000 600
278 248 2480 124
278 258 6560 328
278 261 7080 354
278 279 880 44
278 285 3960 198
279 0 4300 215
279 3 8080 404
279 5 2400 616
279 16 12720 636
279 60 8740 437
279 71 2400 164
279 72 2400 409
279 75 12100 605
279 101 2400 627
279 109 10200 510
279 116 2400 576
279 141 13580 679
279 152 880 44
279 154 2400 242
279 156 7680 384
279 158 12600 630
279 172 9700 485
279 195 7100 355
279 199 7520 376
279 214 1280 64
279 216 6680 334
279 249 2400 249
279 250 1940 97
279 263 12560 628
279 269 2400 698
279 280 520 26
279 287 5220 261
279 296 10180 509
280 1 2400 209
280 7 2400 690
280 61 8720 436
280 74 2400 521
280 99 6560 328
280 110 9980 499
280 157 2400 374
280 179 2400 438
280 181 2400 575
280 197 11700 585
280 217 2400 327
280 253 2400 516
280 259 2400 267
280 260 2400 367
280 281 300 15
280 286 2400 152
280 297 2400 500
281 2 2400 223
281 6 11660 583
281 15 6240 312
281 47 1020 51
281 73 7760 388
281 88 5460 273
281 98 3780 189
281 102 12340 617
281 108 2400 323
281 120 4500 225
281 155 2400 223
281 178 2400 187
281 180 9160 458
281 187 7640 382
281 190 14320 716
281 196 9600 480
281 223 8340 417
281 258 2900 145
281 261 3420 171
281 285 300 15
281 289 11060 553
282 0 5980 299
282 3 9760 488
282 5 2400 700
282 16 14400 720
282 37 340 17
282 60 10420 521
282 71 2400 248
282 72 2400 493
282 75 13780 689
282 101 2400 711
282 109 11880 594
282 116 2400 660
282 118 540 27
282 152 2560 128
282 154 2400 326
282 156 9360 468
282 158 14280 714
282 172 11380 569
282 195 8780 439
282 199 9200 460
282 214 2400 148
282 216 8360 418
282 249 2400 333
282 250 3620 181
282 256 360 18
282 263 14240 712
282 280 2200 110
282 283 300 15
282 287 6900 345
282 296 11860 593
283 38 700 35
283 48 5680 284
283 76 2400 696
283 90 2400 698
283 115 2400 548
283 119 2400 251
283 171 2400 223
283 173 2400 570
283 215 2400 300
283 252 7240 362
283 257 960 48
283 262 8300 415
283 284 880 44
283 288 2400 348
284 2 2400 224
284 6 11680 584
284 15 6260 313
284 47 1040 52
284 73 7780 389
284 88 5480 274
284 98 3800 190
284 102 12360 618
284 108 2400 324
284 120 4520 226
284 155 2400 224
284 178 2400 188
284 180 9180 459
284 187 7660 383
284 190 14340 717
284 196 9620 481
284 223 8360 418
284 258 2920 146
284 261 3440 172
284 285 320 16
284 289 11080 554
285 1 2180 109
285 7 2400 590
285 61 6720 336
285 74 2400 421
285 92 12800 640
285 99 4560 228
285 110 7980 399
285 157 2400 274
285 179 2400 338
285 181 2400 475
285 197 9700 485
285 217 2400 227
285 253 2400 416
285 259 2400 167
285 260 2400 267
285 286 1040 52
285 297 2400 400
286 3 3800 190
286 5 2400 402
286 8 2400 708
286 16 8440 422
286 39 14360 718
286 60 4460 223
286 63 11620 581
286 65 14160 708
286 72 2400 195
286 75 7820 391
286 91 10720 536
286 101 2400 413
286 109 5920 296
286 111 2400 516
286 112 2400 695
286 116 2400 362
286 141 9300 465
286 142 14320 716
286 154 560 28
286 156 3400 170
286 158 8320 416
286 172 5420 271
286 195 2820 141
286 199 3240 162
286 216 2400 120
286 249 700 35
286 263 8280 414
286 269 2400 484
286 287 940 47
286 291 11680 584
286 296 5900 295
287 17 8680 434
287 64 2400 560
287 76 2400 366
287 90 2400 368
287 115 2400 218
287 173 2400 240
287 189 2400 406
287 200 8180 409
287 225 2400 647
287 252 640 32
287 262 1700 85
287 288 360 18
287 292 2400 571
288 6 5600 280
288 9 11920 596
288 54 11060 553
288 73 1700 85
288 77 2400 445
288 78 2400 616
288 102 6280 314
288 108 400 20
288 144 13900 695
288 180 3100 155
288 187 1580 79
288 190 8260 413
288 196 3540 177
288 198 2400 439
288 223 2280 114
288 224 8700 435
288 227 2400 543
288 265 10580 529
288 267 12900 645
288 289 5000 250
289 18 2400 199
289 41 2400 382
289 56 2400 442
289 93 2400 187
289 103 1880 94
289 143 2400 358
289 145 2400 466
289 159 2400 189
289 201 2400 148
289 229 2400 560
289 264 840 42
289 266 2400 296
289 270 2400 220
289 290 580 29
289 294 2400 368
290 8 2400 142
290 12 9720 486
290 39 3040 152
290 63 300 15
290 65 2840 142
290 79 6320 316
290 80 9500 475
290 82 2400 555
290 112 2400 129
290 142 3000 150
290 160 3700 185
290 226 2400 220
290 230 11460 573
290 271 4220 211
290 291 360 18
290 293 3260 163
290 295 2400 358
291 10 5440 272
291 43 2400 571
291 58 9540 477
291 64 460 23
291 161 3860 193
291 225 2200 110
291 268 6260 313
291 292 680 34
292 8 320 16
292 12 7200 360
292 39 520 26
292 65 320 16
292 79 3800 190
292 80 6980 349
292 82 2400 429
292 142 480 24
292 160 1180 59
292 226 1880 94
292 230 8940 447
292 271 1700 85
292 293 740 37
292 295 2400 232
293 41 1080 54
293 56 2280 114
293 143 600 30
293 145 2400 138
293 229 2400 232
293 294 800 40
294 12 2940 147
294 80 2720 136
294 82 2400 216
294 230 4680 234
294 295 380 19
295 14 2400 229
296 7 2400 207
296 11 2400 685
296 40 9080 454
296 55 9900 495
296 66 2400 429
296 74 760 38
296 92 5140 257
296 110 320 16
296 162 2400 578
296 181 1840 92
296 197 2040 102
296 228 12320 616
296 253 660 33
296 272 2400 524
296 274 2400 680
296 297 340 17
297 5 1080 54
297 8 2400 360
297 12 14080 704
297 16 1480 74
297 39 7400 370
297 63 4660 233
297 65 7200 360
297 75 860 43
297 79 10680 534
297 80 13860 693
297 91 3760 188
297 101 1300 65
297 111 2400 168
297 112 2400 347
297 141 2340 117
297 142 7360 368
297 158 1360 68
297 160 8060 403
297 226 2400 438
297 263 1320 66
297 269 2400 136
297 271 8580 429
297 291 4720 236
297 293 7620 381
297 295 2400 576
298 2 2400 589
298 15 13560 678
298 36 2400 125
298 45 5380 269
298 47 8340 417
298 88 12780 639
298 98 11100 555
298 108 2400 689
298 113 7100 355
298 117 2400 147
298 120 11820 591
298 128 2120 106
298 155 2400 589
298 170 7060 353
298 178 2400 553
298 193 4140 207
298 220 1100 55
298 222 2400 181
298 235 2400 124
298 246 2400 127
298 247 1400 70
298 248 6140 307
298 258 10220 511
298 261 10740 537
298 279 2400 227
298 282 2400 143
298 285 7620 381
298 299 720 36
299 0 8120 406
299 3 11900 595
299 37 2480 124
299 44 2260 113
299 60 12560 628
299 71 2400 355
299 72 2400 600
299 109 14020 701
299 118 2400 134
299 140 2300 115
299 151 1780 89
299 152 4700 235
299 154 2400 433
299 156 11500 575
299 172 13520 676
299 195 10920 546
299 199 11340 567
299 212 1060 53
299 214 2400 255
299 216 10500 525
299 236 2060 103
299 249 2400 440
299 250 5760 288
299 256 2500 125
299 280 4340 217
299 283 2440 122
299 287 9040 452
299 296 14000 700
