// The instance basic information 
nbCities:20; nbDepots:4; size:300 300;nbTrips:300;nbCombinedTrips24;planningHorizon:0-1440;maxDriving:540;maxWorking:720
// The number of cities is 
20
// The number of depots is 
4
// The max number of vehicles is 
64
// The max number of drivers is 
64
// The number of trips is 
300
// The minPlanTime is 
15
// The short Time for driver is 
20
// The short Time for vehicle is 
20
// The maximum driving time is 
540
// The maximum working time is 
720
// The cost of using driver is 
4000
// The cost of using vehicle is 
100000
// The cost of driver changeover penalty per change is 
30
// The max percentage of combined trips is  
0.08
// The maxPlanTime is 
720

//Here are the cities: idOfCity 	 nameOfCity 	 coordinateX 	 coordinateY 
0 C0 175 115
1 C1 125 150
2 C2 115 125
3 C3 85 189
4 C4 200 150
5 C5 176 250
6 C6 150 275
7 C7 124 200
8 C8 150 168
9 C9 200 280
10 C10 100 220
11 C11 75 130
12 C12 218 240
13 C13 235 243
14 C14 218 220
15 C15 175 200
16 C16 100 146
17 C17 165 115
18 C18 150 241
19 C19 200 220
//Depots:  
// idOfDepot  	 indexOfDepotAsStartingPoint 	 indexOfDepotAsEndingPoint 	 idCityAsDepot
0 300 304 16
1 301 305 17
2 302 306 18
3 303 307 19
//Trips: idOfTrip 	 idOfStartCity 	 idEndCity	 departureTime 	 arrivalTime 	 nbCombinedVehicleInThisTrip
0 19 9 436 496 2
1 9 13 535 585 1
2 13 17 635 780 2
3 17 19 812 922 1
4 19 4 16 86 1
5 4 19 113 183 1
6 19 2 214 341 1
7 2 15 357 453 1
8 15 19 468 500 1
9 16 7 450 509 1
10 7 13 524 643 1
11 13 17 702 847 1
12 17 16 901 973 2
13 18 16 588 695 1
14 16 3 728 773 2
15 3 0 828 944 1
16 0 8 971 1029 1
17 8 18 1054 1127 1
18 18 8 46 119 1
19 8 5 154 240 1
20 5 12 285 328 1
21 12 19 358 384 2
22 9 18 522 585 1
23 18 17 384 510 1
24 17 2 533 583 1
25 2 0 607 667 1
26 0 18 682 810 1
27 17 2 513 563 1
28 2 12 580 734 1
29 12 8 791 890 1
30 8 0 932 990 2
31 0 17 1037 1047 1
32 19 17 227 337 1
33 17 9 359 527 1
34 9 19 550 610 1
35 19 14 655 673 2
36 14 19 717 735 1
37 17 13 614 759 1
38 13 2 806 974 1
39 2 17 1032 1082 2
40 17 0 1105 1115 1
41 0 17 1131 1141 1
42 16 15 6 98 1
43 15 12 157 215 1
44 19 8 405 477 1
45 8 16 492 546 1
46 19 9 37 97 1
47 9 13 120 170 1
48 13 18 188 273 1
49 18 15 325 373 2
50 15 6 394 473 1
51 6 19 492 566 1
52 17 1 629 682 1
53 1 6 721 848 1
54 6 4 865 999 1
55 4 17 1028 1077 2
56 17 0 1113 1123 1
57 0 17 1142 1152 1
58 17 8 506 561 2
59 8 17 588 643 1
60 17 16 689 761 1
61 16 8 809 863 2
62 0 17 1025 1035 1
63 19 0 120 227 1
64 0 1 268 329 1
65 1 16 384 409 1
66 16 15 433 525 1
67 15 5 551 601 1
68 5 19 620 658 1
69 18 2 533 654 1
70 2 8 706 761 1
71 8 3 798 866 1
72 3 5 907 1016 1
73 5 18 1045 1072 1
74 17 16 632 704 1
75 8 4 895 948 1
76 17 0 1110 1120 1
77 0 17 1143 1153 2
78 16 11 295 324 1
79 11 12 371 551 1
80 12 16 595 745 1
81 18 12 128 196 1
82 12 14 224 244 1
83 14 13 276 304 1
84 13 1 321 465 1
85 1 7 504 554 2
86 7 18 596 644 2
87 17 16 529 601 1
88 3 4 804 925 1
89 4 17 960 1009 1
90 17 0 1031 1041 1
91 0 17 1058 1068 1
92 19 16 384 508 2
93 16 12 556 706 1
94 12 14 724 744 1
95 14 13 802 830 1
96 13 12 852 869 1
97 12 19 884 910 1
98 18 8 196 269 1
99 8 18 300 373 2
100 18 19 397 451 1
101 19 13 483 524 1
102 13 18 551 636 1
103 18 6 652 686 1
104 6 18 701 735 1
105 19 0 611 718 2
106 0 14 765 878 1
107 14 18 914 985 1
108 18 14 1001 1072 1
109 14 19 1098 1116 1
110 18 8 312 385 2
111 8 5 426 512 1
112 5 18 557 584 1
113 18 8 619 692 1
114 8 19 708 780 1
115 19 18 797 851 1
116 16 9 662 829 1
117 9 8 856 978 1
118 8 1 994 1024 1
119 1 2 1049 1075 1
120 2 16 1133 1158 1
121 19 1 294 396 1
122 7 0 603 702 1
123 0 19 721 828 1
124 17 7 139 233 1
125 7 15 274 325 1
126 15 17 345 430 1
127 8 0 590 648 1
128 0 17 667 677 1
129 19 10 580 680 1
130 10 17 731 854 2
131 16 19 994 1118 1
132 19 18 214 268 2
133 8 4 417 470 1
134 4 19 490 560 1
135 14 19 729 747 1
136 16 7 428 487 1
137 18 5 674 701 2
138 5 0 725 860 1
139 0 16 877 958 1
140 17 15 414 499 1
141 15 10 527 604 1
142 17 0 907 917 1
143 0 17 936 946 1
144 17 14 388 505 1
145 14 18 524 595 1
146 5 15 756 806 1
147 15 17 829 914 1
148 17 18 453 579 1
149 18 8 595 668 1
150 8 4 721 774 1
151 4 15 821 876 1
152 15 17 894 979 1
153 16 11 90 119 1
154 11 4 162 288 1
155 4 12 340 431 1
156 12 15 461 519 1
157 15 16 536 628 1
158 19 4 330 400 1
159 4 19 451 521 1
160 0 19 745 852 1
161 17 8 105 160 1
162 18 8 416 489 1
163 8 0 548 606 2
164 0 17 631 641 1
165 17 10 112 235 1
166 10 19 257 357 1
167 16 0 534 615 1
168 0 17 632 642 1
169 18 4 693 796 1
170 4 15 838 893 1
171 15 2 910 1006 1
172 17 18 1104 1230 1
173 17 12 131 266 1
174 12 8 319 418 1
175 0 17 634 644 2
176 18 11 392 525 1
177 11 6 564 727 1
178 6 18 785 819 1
179 18 5 844 871 1
180 5 18 897 924 1
181 17 12 657 792 1
182 12 2 830 984 1
183 2 0 1028 1088 1
184 17 4 480 529 1
185 4 0 569 612 1
186 17 11 682 773 1
187 11 2 805 845 1
188 2 16 866 891 1
189 16 17 911 983 1
190 19 10 358 458 1
191 10 16 487 561 1
192 16 17 583 655 1
193 17 4 671 720 1
194 4 15 753 808 1
195 15 19 845 877 1
196 18 7 647 695 1
197 7 11 720 805 1
198 11 12 832 1012 1
199 12 14 1040 1060 1
200 14 18 1103 1174 1
201 18 19 65 119 1
202 18 7 308 356 1
203 7 4 390 480 1
204 4 18 499 602 1
205 16 18 87 194 1
206 15 11 400 522 1
207 11 2 543 583 1
208 2 16 600 625 1
209 19 13 445 486 1
210 17 12 801 936 1
211 12 19 954 980 1
212 19 17 541 651 1
213 17 16 674 746 1
214 16 4 762 862 1
215 4 12 907 998 1
216 12 19 1045 1071 1
217 19 3 564 683 1
218 3 7 735 775 1
219 7 16 821 880 1
220 16 17 899 971 1
221 17 19 991 1101 1
222 19 9 210 270 1
223 9 18 321 384 1
224 18 15 433 481 1
225 15 10 525 602 1
226 10 15 622 699 1
227 15 19 714 746 1
228 16 12 615 765 1
229 12 15 789 847 1
230 15 17 881 966 1
231 17 1 983 1036 1
232 1 16 1073 1098 1
233 16 10 557 631 1
234 10 18 656 710 1
235 18 3 727 810 1
236 3 17 829 937 1
237 17 2 991 1041 1
238 2 16 1071 1096 1
239 17 15 516 601 1
240 15 14 646 693 1
241 14 18 729 800 1
242 18 5 842 869 1
243 5 18 887 914 1
244 18 17 929 1055 1
245 16 17 569 641 1
246 17 12 699 834 1
247 12 16 849 999 1
248 16 12 144 294 1
249 12 1 338 467 1
250 1 8 503 533 1
251 8 2 549 604 1
252 2 16 657 682 1
253 18 6 189 223 1
254 6 0 249 410 1
255 0 7 466 565 1
256 7 15 606 657 1
257 15 18 677 725 1
258 16 12 31 181 1
259 12 1 231 360 1
260 1 8 413 443 1
261 8 16 496 550 1
262 18 9 45 108 1
263 9 18 134 197 1
264 18 5 238 265 1
265 5 18 300 327 1
266 18 9 351 414 1
267 9 14 434 496 1
268 14 18 511 582 1
269 18 10 158 212 1
270 10 8 229 301 1
271 8 4 340 393 1
272 4 10 416 538 1
273 10 18 591 645 1
274 19 3 178 297 1
275 3 13 334 493 1
276 13 15 526 599 1
277 15 19 622 654 1
278 18 4 248 351 1
279 4 11 368 494 1
280 11 3 534 593 1
281 3 18 626 709 1
282 17 3 442 550 1
283 3 19 573 692 1
284 19 2 748 875 1
285 2 17 895 945 1
286 18 13 619 704 1
287 13 9 757 807 1
288 9 13 851 901 1
289 13 6 947 1037 1
290 6 5 1069 1105 1
291 5 18 1125 1152 1
292 17 3 187 295 1
293 3 10 344 378 1
294 10 19 394 494 1
295 19 1 539 641 1
296 1 17 671 724 1
297 19 18 66 120 1
298 18 0 135 263 1
299 0 19 278 385 1
//Vehicles: idOfVehicle idOfStartingDepot nbTrips
0 -1 300
1 -1 300
2 -1 300
3 -1 300
4 -1 300
5 -1 300
6 -1 300
7 -1 300
8 -1 300
9 -1 300
10 -1 300
11 -1 300
12 -1 300
13 -1 300
14 -1 300
15 -1 300
16 -1 300
17 -1 300
18 -1 300
19 -1 300
20 -1 300
21 -1 300
22 -1 300
23 -1 300
24 -1 300
25 -1 300
26 -1 300
27 -1 300
28 -1 300
29 -1 300
30 -1 300
31 -1 300
32 -1 300
33 -1 300
34 -1 300
35 -1 300
36 -1 300
37 -1 300
38 -1 300
39 -1 300
40 -1 300
41 -1 300
42 -1 300
43 -1 300
44 -1 300
45 -1 300
46 -1 300
47 -1 300
48 -1 300
49 -1 300
50 -1 300
51 -1 300
52 -1 300
53 -1 300
54 -1 300
55 -1 300
56 -1 300
57 -1 300
58 -1 300
59 -1 300
60 -1 300
61 -1 300
62 -1 300
63 -1 300
//Drivers :idOfDriver idOfStartingDepot idOfEndingDepot nbTrips
0 -1 300
1 -1 300
2 -1 300
3 -1 300
4 -1 300
5 -1 300
6 -1 300
7 -1 300
8 -1 300
9 -1 300
10 -1 300
11 -1 300
12 -1 300
13 -1 300
14 -1 300
15 -1 300
16 -1 300
17 -1 300
18 -1 300
19 -1 300
20 -1 300
21 -1 300
22 -1 300
23 -1 300
24 -1 300
25 -1 300
26 -1 300
27 -1 300
28 -1 300
29 -1 300
30 -1 300
31 -1 300
32 -1 300
33 -1 300
34 -1 300
35 -1 300
36 -1 300
37 -1 300
38 -1 300
39 -1 300
40 -1 300
41 -1 300
42 -1 300
43 -1 300
44 -1 300
45 -1 300
46 -1 300
47 -1 300
48 -1 300
49 -1 300
50 -1 300
51 -1 300
52 -1 300
53 -1 300
54 -1 300
55 -1 300
56 -1 300
57 -1 300
58 -1 300
59 -1 300
60 -1 300
61 -1 300
62 -1 300
63 -1 300
//Graph arcs for trips can be performed successively: 
// idStartTrip idEndTrip costForVehicle costForDriver
0 1 780 39
0 22 520 26
0 34 1080 54
0 117 7200 360
0 288 7100 355
1 2 1000 50
1 11 2340 117
1 38 4420 221
1 96 5340 267
1 287 3440 172
1 289 7240 362
2 3 640 32
2 12 2400 121
2 40 6500 325
2 56 6660 333
2 76 6600 330
2 90 5020 251
2 142 2540 127
2 172 2400 324
2 210 420 21
2 221 2400 211
2 231 4060 203
2 237 4220 211
4 5 540 27
4 134 2400 404
4 155 5080 254
4 159 2400 365
4 185 9660 483
4 194 13340 667
4 204 2400 413
4 272 6600 330
4 279 5640 282
5 0 5060 253
5 6 620 31
5 32 880 44
5 35 9440 472
5 44 4440 222
5 92 2400 201
5 101 6000 300
5 105 8560 428
5 115 2400 614
5 121 2220 111
5 129 7940 397
5 132 620 31
5 158 2940 147
5 190 3500 175
5 209 5240 262
5 212 2400 358
5 217 7620 381
5 222 540 27
5 284 11300 565
5 295 7120 356
6 7 320 16
6 25 5320 266
6 28 4780 239
6 39 2400 691
6 70 7300 365
6 183 13740 687
6 188 2400 525
6 208 2400 259
6 252 2400 316
6 285 2400 554
7 8 300 15
7 67 1960 98
7 141 1480 74
7 147 2400 376
7 152 2400 441
7 157 1660 83
7 171 9140 457
7 195 2400 392
7 225 1440 72
7 227 2400 261
7 230 2400 428
7 240 3860 193
7 257 2400 224
7 277 2400 169
8 35 3100 155
8 105 2220 111
8 115 2400 297
8 129 1600 80
8 212 820 41
8 217 1280 64
8 284 4960 248
8 295 780 39
9 10 300 15
9 86 1740 87
9 122 1880 94
9 197 4220 211
9 219 2400 312
9 256 1940 97
10 11 1180 59
10 38 3260 163
10 96 4180 209
10 287 2280 114
10 289 6080 304
11 12 1080 54
11 40 5160 258
11 56 5320 266
11 76 5260 263
11 90 3680 184
11 142 1200 60
11 172 2400 257
11 221 2400 144
11 231 2720 136
11 237 2880 144
12 131 420 21
13 14 660 33
13 61 2280 114
13 131 2400 299
13 189 2400 216
13 214 1340 67
13 220 2400 204
14 15 1100 55
14 72 2680 134
14 88 620 31
14 236 1120 56
15 16 540 27
15 31 1860 93
15 41 2400 187
15 57 2400 198
15 62 1620 81
15 77 2400 199
15 91 2280 114
16 17 500 25
18 19 700 35
18 45 2400 373
18 59 2400 469
18 71 13580 679
18 99 2400 181
18 111 6140 307
18 114 2400 589
18 127 9420 471
18 133 5960 298
18 150 12040 602
18 163 8580 429
18 251 8600 430
18 261 2400 377
18 271 4420 221
19 20 900 45
19 68 2400 380
19 112 2400 317
19 138 9700 485
19 146 10320 516
19 180 2400 657
19 243 2400 647
19 265 1200 60
20 21 600 30
20 29 9260 463
20 80 2400 267
20 94 7920 396
20 97 2400 556
20 156 2660 133
20 182 10040 502
20 199 14240 712
20 211 2400 626
20 216 2400 717
20 229 9220 461
20 247 2400 521
21 0 1040 52
21 35 5420 271
21 44 420 21
21 101 1980 99
21 105 4540 227
21 115 2400 413
21 129 3920 196
21 209 1220 61
21 212 2400 157
21 217 3600 180
21 284 7280 364
21 295 3100 155
22 103 1340 67
22 108 8320 416
22 113 680 34
22 137 1780 89
22 169 2160 108
22 179 5180 259
22 196 1240 62
22 235 2840 142
22 242 5140 257
22 244 2400 344
22 286 680 34
23 3 2400 302
23 12 2400 391
23 24 460 23
23 37 2080 104
23 40 11900 595
23 52 2380 119
23 56 12060 603
23 60 2400 179
23 74 2400 122
23 76 12000 600
23 87 380 19
23 90 10420 521
23 142 7940 397
23 172 2400 594
23 181 2940 147
23 186 3440 172
23 193 3220 161
23 210 5820 291
23 213 2400 164
23 221 2400 481
23 231 9460 473
23 237 9620 481
23 246 3780 189
24 25 480 24
24 39 2400 449
24 70 2460 123
24 120 2400 550
24 183 8900 445
24 188 2400 283
24 208 340 17
24 238 2400 488
24 252 1480 74
24 285 2400 312
25 16 6080 304
25 26 300 15
25 31 2400 370
25 41 2400 464
25 57 2400 475
25 62 2400 358
25 77 2400 476
25 91 2400 391
25 106 1960 98
25 123 1080 54
25 139 2400 210
25 143 2400 269
25 160 1560 78
26 108 3820 191
26 179 680 34
26 242 640 32
26 244 2380 119
27 25 880 44
27 28 340 17
27 39 2400 469
27 70 2860 143
27 120 2400 570
27 183 9300 465
27 188 2400 303
27 208 740 37
27 238 2400 508
27 252 1880 94
27 285 2400 332
28 29 1140 57
28 97 2400 150
28 182 1920 96
28 199 6120 306
28 211 2400 220
28 216 2400 311
28 229 1100 55
28 247 2300 115
29 17 2400 164
29 30 840 42
29 118 2080 104
30 31 940 47
30 41 2400 141
30 57 2400 152
30 62 700 35
30 77 2400 153
30 91 1360 68
31 40 1160 58
31 56 1320 66
31 76 1260 63
31 172 1140 57
32 3 2400 475
32 12 2400 564
32 24 3920 196
32 27 3520 176
32 33 440 22
32 37 5540 277
32 52 5840 292
32 58 3380 169
32 60 2400 352
32 74 2400 295
32 87 2400 192
32 90 13880 694
32 140 1540 77
32 142 11400 570
32 144 1020 51
32 148 2320 116
32 181 6400 320
32 184 2860 143
32 186 6900 345
32 193 6680 334
32 210 9280 464
32 213 2400 337
32 221 2400 654
32 231 12920 646
32 237 13080 654
32 239 3580 179
32 246 7240 362
32 282 2100 105
33 34 460 23
33 117 6580 329
33 288 6480 324
34 35 900 45
34 115 2400 187
34 284 2760 138
35 36 880 44
35 95 2580 129
35 107 2400 241
35 109 2400 425
35 135 1120 56
35 200 2400 430
35 241 1120 56
36 115 1240 62
37 38 940 47
37 96 1860 93
37 289 3760 188
38 39 1160 58
38 120 2400 159
38 183 1080 54
38 238 1940 97
39 40 460 23
39 56 620 31
39 76 560 28
39 172 440 22
40 41 320 16
40 57 540 27
40 77 560 28
42 8 2400 370
42 43 1180 59
42 50 5920 296
42 67 9060 453
42 126 2400 247
42 141 8580 429
42 157 2400 438
42 206 6040 302
42 225 8540 427
42 227 2400 616
42 240 10960 548
42 257 2400 579
42 277 2400 524
43 21 2400 143
43 29 11520 576
43 80 2400 380
43 94 10180 509
43 97 2400 669
43 156 4920 246
43 174 2080 104
43 182 12300 615
43 229 11480 574
43 247 2400 634
43 249 2460 123
43 259 320 16
44 17 2400 577
44 30 9100 455
44 45 300 15
44 59 2220 111
44 71 6420 321
44 75 8360 418
44 114 2400 231
44 118 10340 517
44 127 2260 113
44 150 4880 244
44 163 1420 71
44 251 1440 72
44 261 380 19
45 14 3640 182
45 61 5260 263
45 116 2320 116
45 131 2400 448
45 189 2400 365
45 192 740 37
45 214 4320 216
45 220 2400 353
45 228 1380 69
45 245 460 23
46 1 8760 438
46 22 2400 425
46 34 2400 453
46 47 460 23
46 223 2400 224
46 263 740 37
46 267 6740 337
47 2 2400 465
47 11 2400 532
47 38 12720 636
47 48 360 18
47 84 3020 151
47 96 13640 682
47 102 2400 381
47 276 7120 356
47 287 11740 587
48 13 2400 315
48 23 2220 111
48 49 1040 52
48 69 5200 260
48 100 2400 124
48 103 7580 379
48 110 780 39
48 113 6920 346
48 137 8020 401
48 149 6440 322
48 162 2860 143
48 169 8400 420
48 176 2380 119
48 179 11420 571
48 196 7480 374
48 202 700 35
48 224 3200 160
48 235 9080 454
48 242 11380 569
48 244 2400 656
48 266 1560 78
48 286 6920 346
49 8 1900 95
49 50 420 21
49 67 3560 178
49 141 3080 154
49 147 2400 456
49 152 2400 521
49 157 2400 163
49 171 10740 537
49 195 2400 472
49 206 540 27
49 225 3040 152
49 227 2400 341
49 230 2400 508
49 240 5460 273
49 257 2400 304
49 277 2400 249
50 51 380 19
50 54 7840 392
50 104 2400 228
50 178 2400 312
50 290 11920 596
51 35 1780 89
51 105 900 45
51 115 2400 231
51 284 3640 182
52 53 780 39
52 119 7340 367
52 232 2400 391
53 54 340 17
53 290 4420 221
54 55 580 29
55 40 560 28
55 56 720 36
55 76 660 33
55 172 540 27
56 57 380 19
56 77 400 20
58 17 2400 493
58 30 7420 371
58 59 540 27
58 71 4740 237
58 75 6680 334
58 114 2400 147
58 118 8660 433
58 127 580 29
58 150 3200 160
59 3 2400 169
59 12 2400 258
59 40 9240 462
59 56 9400 470
59 60 920 46
59 76 9340 467
59 90 7760 388
59 142 5280 264
59 172 2400 461
59 186 780 39
59 193 560 28
59 210 3160 158
59 213 620 31
59 221 2400 348
59 231 6800 340
59 237 6960 348
59 246 1120 56
60 61 960 48
60 131 2400 233
60 189 2400 150
60 220 2400 138
61 17 2400 191
61 30 1380 69
61 75 640 32
61 118 2620 131
62 40 1400 70
62 56 1560 78
62 76 1500 75
62 172 1380 69
63 26 2400 455
63 64 820 41
63 106 10760 538
63 123 2400 494
63 128 2400 440
63 139 2400 650
63 143 2400 709
63 160 2400 518
63 164 2400 404
63 168 2400 405
63 175 2400 407
63 255 4780 239
63 299 1020 51
64 53 7840 392
64 65 1100 55
64 85 3500 175
64 119 14400 720
64 250 3480 174
64 260 1680 84
64 296 2400 342
65 9 820 41
65 14 6380 319
65 61 8000 400
65 66 480 24
65 93 2940 147
65 116 5060 253
65 131 2400 585
65 136 380 19
65 167 2500 125
65 189 2400 502
65 192 2400 174
65 214 7060 353
65 220 2400 490
65 228 4120 206
65 233 2960 148
65 245 2400 160
66 67 520 26
66 147 2400 304
66 152 2400 369
66 171 7700 385
66 195 2400 320
66 227 2400 189
66 230 2400 356
66 240 2420 121
66 257 2400 152
66 277 1940 97
67 68 380 19
67 73 2400 444
67 138 2480 124
67 146 3100 155
67 180 2400 296
67 243 2400 286
67 291 2400 524
68 115 2400 139
68 284 1800 90
69 39 2400 378
69 70 1040 52
69 120 2400 479
69 183 7480 374
69 188 2400 212
69 238 2400 417
69 285 2400 241
70 17 2400 293
70 30 3420 171
70 71 740 37
70 75 2680 134
70 118 4660 233
71 72 820 41
72 73 580 29
72 291 2180 109
74 14 480 24
74 61 2100 105
74 131 2400 290
74 189 2400 207
74 214 1160 58
74 220 2400 195
75 55 1600 80
76 57 440 22
76 77 460 23
78 79 940 47
78 177 4800 240
78 187 9620 481
78 198 10160 508
78 207 4380 219
78 280 4200 210
79 29 4800 240
79 80 880 44
79 94 3460 173
79 97 2400 333
79 182 5580 279
79 199 9780 489
79 211 2400 403
79 216 2400 494
79 229 4760 238
79 247 2400 298
80 61 1280 64
80 131 2400 249
80 189 2400 166
80 214 340 17
80 220 2400 154
81 21 2400 162
81 29 11900 595
81 80 2400 399
81 82 560 28
81 94 10560 528
81 97 2400 688
81 156 5300 265
81 174 2460 123
81 182 12680 634
81 229 11860 593
81 247 2400 653
81 249 2840 142
81 259 700 35
82 36 2400 473
82 83 640 32
82 95 11160 558
82 107 2400 670
82 135 2400 485
82 145 2400 280
82 241 2400 485
82 268 2400 267
83 2 2400 331
83 11 2400 398
83 38 10040 502
83 84 340 17
83 96 10960 548
83 102 2400 247
83 276 4440 222
83 287 9060 453
83 289 12860 643
84 53 5120 256
84 85 780 39
84 119 11680 584
84 232 2400 608
84 250 760 38
84 296 2400 206
85 86 840 42
85 122 980 49
85 197 3320 166
85 219 2400 267
85 256 1040 52
86 108 7140 357
86 137 600 30
86 169 980 49
86 179 4000 200
86 235 1660 83
86 242 3960 198
86 244 2400 285
87 14 2540 127
87 61 4160 208
87 116 1220 61
87 131 2400 393
87 189 2400 310
87 214 3220 161
87 220 2400 298
88 55 2060 103
88 89 700 35
89 40 1920 96
89 56 2080 104
89 76 2020 101
89 90 440 22
89 172 1900 95
90 41 1800 90
90 57 2020 101
90 77 2040 102
90 91 340 17
91 40 740 37
91 56 900 45
91 76 840 42
91 172 720 36
92 14 4400 220
92 61 6020 301
92 93 960 48
92 116 3080 154
92 131 2400 486
92 167 520 26
92 189 2400 403
92 192 1500 75
92 214 5080 254
92 220 2400 391
92 228 2140 107
92 233 980 49
92 245 1220 61
93 29 1700 85
93 94 360 18
93 97 2400 178
93 182 2480 124
93 199 6680 334
93 211 2400 248
93 216 2400 339
93 229 1660 83
93 247 2400 143
94 95 1160 58
94 107 2400 170
94 109 2400 354
94 200 2400 359
95 96 440 22
95 289 2340 117
96 97 300 15
96 199 3420 171
96 211 1700 85
96 216 2400 176
98 30 13260 663
98 45 2400 223
98 59 2400 319
98 71 10580 529
98 75 12520 626
98 99 620 31
98 111 3140 157
98 114 2400 439
98 127 6420 321
98 133 2960 148
98 150 9040 452
98 163 5580 279
98 251 5600 280
98 261 2400 227
98 271 1420 71
99 13 2400 215
99 69 3200 160
99 100 480 24
99 103 5580 279
99 108 12560 628
99 113 4920 246
99 137 6020 301
99 149 4440 222
99 162 860 43
99 169 6400 320
99 176 380 19
99 179 9420 471
99 196 5480 274
99 224 1200 60
99 235 7080 354
99 242 9380 469
99 244 2400 556
99 286 4920 246
100 35 4080 204
100 101 640 32
100 105 3200 160
100 115 2400 346
100 129 2580 129
100 212 1800 90
100 217 2260 113
100 284 5940 297
100 295 1760 88
101 2 2220 111
101 11 2400 178
101 38 5640 282
101 96 6560 328
101 102 540 27
101 287 4660 233
101 289 8460 423
102 103 320 16
102 108 7300 365
102 137 760 38
102 169 1140 57
102 179 4160 208
102 235 1820 91
102 242 4120 206
102 244 2400 293
103 54 3580 179
103 104 300 15
103 178 1980 99
103 290 7660 383
104 108 5320 266
104 179 2180 109
104 242 2140 107
104 244 2400 194
105 16 5060 253
105 31 2400 319
105 41 2400 413
105 57 2400 424
105 62 2400 307
105 77 2400 425
105 91 2400 340
105 106 940 47
105 139 2400 159
105 143 2400 218
105 160 540 27
106 107 720 36
106 109 2400 220
106 200 2400 225
107 108 320 16
108 109 520 26
108 200 620 31
110 17 2400 669
110 30 10940 547
110 45 2140 107
110 59 2400 203
110 71 8260 413
110 75 10200 510
110 111 820 41
110 114 2400 323
110 118 12180 609
110 127 4100 205
110 133 640 32
110 150 6720 336
110 163 3260 163
110 251 3280 164
110 261 2220 111
111 68 2160 108
111 73 2400 533
111 112 900 45
111 138 4260 213
111 146 4880 244
111 180 2400 385
111 243 2400 375
111 291 2400 613
112 103 1360 68
112 108 8340 417
112 113 700 35
112 137 1800 90
112 169 2180 109
112 179 5200 260
112 196 1260 63
112 235 2860 143
112 242 5160 258
112 244 2400 345
112 286 700 35
113 17 2400 362
113 30 4800 240
113 71 2120 106
113 75 4060 203
113 114 320 16
113 118 6040 302
113 150 580 29
114 115 340 17
115 108 3000 150
115 244 1560 78
116 117 540 27
116 288 440 22
117 17 1520 76
117 118 320 16
118 119 500 25
118 232 980 49
119 120 1160 58
121 53 6500 325
121 85 2160 108
121 119 13060 653
121 232 2400 677
121 250 2140 107
121 260 340 17
121 296 2400 275
122 16 5380 269
122 31 2400 335
122 41 2400 429
122 57 2400 440
122 62 2400 323
122 77 2400 441
122 91 2400 356
122 106 1260 63
122 123 380 19
122 139 2400 175
122 143 2400 234
122 160 860 43
124 10 5820 291
124 86 2400 363
124 122 7400 370
124 125 820 41
124 197 9740 487
124 203 3140 157
124 219 2400 588
124 256 7460 373
125 8 2400 143
125 50 1380 69
125 67 4520 226
125 126 400 20
125 141 4040 202
125 147 2400 504
125 152 2400 569
125 157 2400 211
125 171 11700 585
125 195 2400 520
125 206 1500 75
125 225 4000 200
125 227 2400 389
125 230 2400 556
125 240 6420 321
125 257 2400 352
125 277 2400 297
126 3 2400 382
126 12 2400 471
126 24 2060 103
126 27 1660 83
126 37 3680 184
126 40 13500 675
126 52 3980 199
126 56 13660 683
126 58 1520 76
126 60 2400 259
126 74 2400 202
126 76 13600 680
126 87 1980 99
126 90 12020 601
126 142 9540 477
126 148 460 23
126 172 2400 674
126 181 4540 227
126 184 1000 50
126 186 5040 252
126 193 4820 241
126 210 7420 371
126 213 2400 244
126 221 2400 561
126 231 11060 553
126 237 11220 561
126 239 1720 86
126 246 5380 269
127 16 6460 323
127 26 680 34
127 31 2400 389
127 41 2400 483
127 57 2400 494
127 62 2400 377
127 77 2400 495
127 91 2400 410
127 106 2340 117
127 123 1460 73
127 128 380 19
127 139 2400 229
127 143 2400 288
127 160 1940 97
128 3 2400 135
128 12 2400 224
128 40 8560 428
128 56 8720 436
128 76 8660 433
128 90 7080 354
128 142 4600 230
128 172 2400 427
128 210 2480 124
128 221 2400 314
128 231 6120 306
128 237 6280 314
128 246 440 22
129 130 1020 51
130 12 940 47
130 40 5020 251
130 56 5180 259
130 76 5120 256
130 90 3540 177
130 142 1060 53
130 172 2400 250
130 221 2400 137
130 231 2580 129
130 237 2740 137
132 13 2400 320
132 23 2320 116
132 49 1140 57
132 69 5300 265
132 100 2400 129
132 103 7680 384
132 110 880 44
132 113 7020 351
132 137 8120 406
132 149 6540 327
132 162 2960 148
132 169 8500 425
132 176 2480 124
132 179 11520 576
132 196 7580 379
132 202 800 40
132 224 3300 165
132 235 9180 459
132 242 11480 574
132 244 2400 661
132 266 1660 83
132 286 7020 351
133 55 2400 558
133 89 2400 490
133 134 400 20
133 151 7020 351
133 170 7360 368
133 185 1980 99
133 194 5660 283
133 204 580 29
133 215 8740 437
134 35 1900 95
134 105 1020 51
134 115 2400 237
134 129 400 20
134 284 3760 188
135 115 1000 50
136 10 740 37
136 86 2180 109
136 122 2320 116
136 197 4660 233
136 219 2400 334
136 256 2380 119
137 73 2400 344
137 138 480 24
137 146 1100 55
137 180 2400 196
137 243 2400 186
137 291 2400 424
138 16 2220 111
138 31 2400 177
138 41 2400 271
138 57 2400 282
138 62 2400 165
138 77 2400 283
138 91 2400 198
138 139 340 17
138 143 1520 76
139 131 720 36
140 67 1040 52
140 141 560 28
140 147 2400 330
140 152 2400 395
140 157 740 37
140 171 8220 411
140 195 2400 346
140 225 520 26
140 227 2400 215
140 230 2400 382
140 240 2940 147
140 257 2400 178
140 277 2400 123
141 130 2400 127
141 226 360 18
141 234 1040 52
142 16 1080 54
142 31 2400 120
142 41 2400 214
142 57 2400 225
142 62 2160 108
142 77 2400 226
142 91 2400 141
142 143 380 19
143 40 3180 159
143 56 3340 167
143 76 3280 164
143 90 1700 85
143 172 2400 158
143 221 900 45
143 231 740 37
143 237 900 45
144 36 2400 212
144 95 5940 297
144 107 2400 409
144 109 2400 593
144 135 2400 224
144 145 380 19
144 200 2400 598
144 241 2400 224
145 103 1140 57
145 108 8120 406
145 113 480 24
145 137 1580 79
145 169 1960 98
145 179 4980 249
145 196 1040 52
145 235 2640 132
145 242 4940 247
145 244 2400 334
145 286 480 24
146 147 460 23
146 152 1760 88
146 171 2080 104
146 195 780 39
146 230 1500 75
147 40 3820 191
147 56 3980 199
147 76 3920 196
147 90 2340 117
147 172 2400 190
147 221 1540 77
147 231 1380 69
147 237 1540 77
148 103 1460 73
148 108 8440 422
148 113 800 40
148 137 1900 95
148 149 320 16
148 169 2280 114
148 179 5300 265
148 196 1360 68
148 235 2960 148
148 242 5260 263
148 244 2400 350
148 286 800 40
149 17 2400 386
149 30 5280 264
149 71 2600 130
149 75 4540 227
149 114 800 40
149 118 6520 326
149 150 1060 53
150 55 2400 254
150 89 2400 186
150 151 940 47
150 170 1280 64
150 215 2660 133
151 152 360 18
151 171 680 34
152 40 2520 126
152 56 2680 134
152 76 2620 131
152 90 1040 52
152 172 2400 125
153 79 5040 252
153 154 860 43
153 177 8900 445
153 187 13720 686
153 198 14260 713
153 207 8480 424
153 280 8300 415
154 89 2400 672
154 134 2400 202
154 151 10660 533
154 155 1040 52
154 159 2400 163
154 170 11000 550
154 185 5620 281
154 194 9300 465
154 204 2400 211
154 215 12380 619
154 272 2560 128
154 279 1600 80
155 29 7200 360
155 80 2400 164
155 94 5860 293
155 97 2400 453
155 156 600 30
155 182 7980 399
155 199 12180 609
155 211 2400 523
155 216 2400 614
155 229 7160 358
155 247 2400 418
156 67 640 32
156 147 2400 310
156 152 2400 375
156 157 340 17
156 171 7820 391
156 195 2400 326
156 227 2400 195
156 230 2400 362
156 240 2540 127
156 257 2400 158
156 277 2060 103
157 14 2000 100
157 61 3620 181
157 116 680 34
157 131 2400 366
157 189 2400 283
157 214 2680 134
157 220 2400 271
158 55 2400 628
158 89 2400 560
158 134 1800 90
158 151 8420 421
158 159 1020 51
158 170 8760 438
158 185 3380 169
158 194 7060 353
158 204 1980 99
158 215 10140 507
158 272 320 16
159 35 2680 134
159 105 1800 90
159 115 2400 276
159 129 1180 59
159 212 400 20
159 217 860 43
159 284 4540 227
159 295 360 18
161 45 2400 332
161 59 2400 428
161 71 12760 638
161 99 2400 140
161 111 5320 266
161 114 2400 548
161 127 8600 430
161 133 5140 257
161 150 11220 561
161 163 7760 388
161 251 7780 389
161 261 2400 336
161 271 3600 180
162 17 2400 565
162 30 8860 443
162 59 1980 99
162 71 6180 309
162 75 8120 406
162 114 2400 219
162 118 10100 505
162 127 2020 101
162 150 4640 232
162 163 1180 59
162 251 1200 60
163 16 7300 365
163 26 1520 76
163 31 2400 431
163 41 2400 525
163 57 2400 536
163 62 2400 419
163 77 2400 537
163 91 2400 452
163 106 3180 159
163 123 2300 115
163 128 1220 61
163 139 2400 271
163 143 2400 330
163 160 2400 139
163 164 500 25
163 168 520 26
163 175 560 28
164 3 2400 171
164 12 2400 260
164 40 9280 464
164 56 9440 472
164 60 960 48
164 76 9380 469
164 90 7800 390
164 142 5320 266
164 172 2400 463
164 181 320 16
164 186 820 41
164 193 600 30
164 210 3200 160
164 213 660 33
164 221 2400 350
164 231 6840 342
164 237 7000 350
164 246 1160 58
165 130 2400 496
165 166 440 22
165 191 2400 252
165 226 7740 387
165 234 2400 421
165 273 2400 356
165 294 2400 159
166 0 1580 79
166 35 5960 298
166 44 960 48
166 92 540 27
166 101 2520 126
166 105 5080 254
166 115 2400 440
166 129 4460 223
166 209 1760 88
166 212 2400 184
166 217 4140 207
166 284 7820 391
166 295 3640 182
167 16 7120 356
167 26 1340 67
167 31 2400 422
167 41 2400 516
167 57 2400 527
167 62 2400 410
167 77 2400 528
167 91 2400 443
167 106 3000 150
167 123 2120 106
167 128 1040 52
167 139 2400 262
167 143 2400 321
167 160 2400 130
167 164 320 16
167 168 340 17
167 175 380 19
168 3 2400 170
168 12 2400 259
168 40 9260 463
168 56 9420 471
168 60 940 47
168 76 9360 468
168 90 7780 389
168 142 5300 265
168 172 2400 462
168 181 300 15
168 186 800 40
168 193 580 29
168 210 3180 159
168 213 640 32
168 221 2400 349
168 231 6820 341
168 237 6980 349
168 246 1140 57
169 55 2400 232
169 89 2400 164
169 151 500 25
169 170 840 42
169 215 2220 111
170 171 340 17
171 39 520 26
171 120 2400 127
171 183 440 22
171 238 1300 65
173 21 1840 92
173 29 10500 525
173 80 2400 329
173 94 9160 458
173 97 2400 618
173 156 3900 195
173 174 1060 53
173 182 11280 564
173 211 2400 688
173 229 10460 523
173 247 2400 583
173 249 1440 72
174 17 2400 636
174 30 10280 514
174 45 1480 74
174 59 2400 170
174 71 7600 380
174 75 9540 477
174 114 2400 290
174 118 11520 576
174 127 3440 172
174 150 6060 303
174 163 2600 130
174 251 2620 131
174 261 1560 78
175 3 2400 168
175 12 2400 257
175 40 9220 461
175 56 9380 469
175 60 900 45
175 76 9320 466
175 90 7740 387
175 142 5260 263
175 172 2400 460
175 186 760 38
175 193 540 27
175 210 3140 157
175 213 600 30
175 221 2400 347
175 231 6780 339
175 237 6940 347
175 246 1100 55
176 177 780 39
176 187 5600 280
176 198 6140 307
176 207 360 18
177 54 2760 138
177 178 1160 58
177 290 6840 342
178 108 3640 182
178 179 500 25
178 242 460 23
178 244 2200 110
179 73 2400 174
179 180 520 26
179 243 320 16
179 291 2400 254
180 108 1540 77
181 97 1840 92
181 182 760 38
181 199 4960 248
181 211 2400 162
181 216 2400 253
181 247 1140 57
182 39 960 48
182 120 2400 149
182 183 880 44
182 238 1740 87
183 41 860 43
183 57 1080 54
183 77 1100 55
184 55 2400 499
184 89 2400 431
184 151 5840 292
184 170 6180 309
184 185 800 40
184 194 4480 224
184 215 7560 378
185 16 7180 359
185 26 1400 70
185 31 2400 425
185 41 2400 519
185 57 2400 530
185 62 2400 413
185 77 2400 531
185 91 2400 446
185 106 3060 153
185 123 2180 109
185 128 1100 55
185 139 2400 265
185 143 2400 324
185 160 2400 133
185 164 380 19
185 168 400 20
185 175 440 22
186 187 640 32
186 198 1180 59
187 39 2400 187
187 120 2400 288
187 183 3660 183
187 188 420 21
187 238 2400 226
187 285 1000 50
188 131 2060 103
188 189 400 20
189 40 2440 122
189 56 2600 130
189 76 2540 127
189 90 960 48
189 172 2400 121
190 130 2400 273
190 191 580 29
190 226 3280 164
190 234 2400 198
190 273 2400 133
191 14 3340 167
191 61 4960 248
191 116 2020 101
191 131 2400 433
191 189 2400 350
191 192 440 22
191 214 4020 201
191 220 2400 338
191 228 1080 54
192 3 2400 157
192 12 2400 246
192 40 9000 450
192 56 9160 458
192 60 680 34
192 76 9100 455
192 90 7520 376
192 142 5040 252
192 172 2400 449
192 186 540 27
192 193 320 16
192 210 2920 146
192 213 380 19
192 221 2400 336
192 231 6560 328
192 237 6720 336
192 246 880 44
193 55 2400 308
193 89 2400 240
193 151 2020 101
193 170 2360 118
193 194 660 33
193 215 3740 187
194 147 420 21
194 152 1720 86
194 171 2040 102
194 195 740 37
194 230 1460 73
196 197 500 25
196 219 2400 126
197 198 540 27
198 199 560 28
198 216 660 33
199 109 760 38
199 200 860 43
201 0 6340 317
201 6 1900 95
201 32 2160 108
201 35 10720 536
201 44 5720 286
201 92 2400 265
201 101 7280 364
201 105 9840 492
201 115 2400 678
201 121 3500 175
201 129 9220 461
201 132 1900 95
201 158 4220 211
201 190 4780 239
201 209 6520 326
201 212 2400 422
201 217 8900 445
201 222 1820 91
201 274 1180 59
201 284 12580 629
201 295 8400 420
202 10 3360 168
202 86 2400 240
202 122 4940 247
202 197 7280 364
202 203 680 34
202 219 2400 465
202 256 5000 250
203 55 2400 548
203 89 2400 480
203 151 6820 341
203 170 7160 358
203 185 1780 89
203 194 5460 273
203 204 380 19
203 215 8540 427
204 103 1000 50
204 108 7980 399
204 113 340 17
204 137 1440 72
204 169 1820 91
204 179 4840 242
204 196 900 45
204 235 2500 125
204 242 4800 240
204 244 2400 327
204 286 340 17
205 13 2400 394
205 23 2400 190
205 49 2620 131
205 69 6780 339
205 100 2400 203
205 103 9160 458
205 110 2360 118
205 113 8500 425
205 137 9600 480
205 149 8020 401
205 162 4440 222
205 169 9980 499
205 176 3960 198
205 179 13000 650
205 196 9060 453
205 202 2280 114
205 224 4780 239
205 235 10660 533
205 242 12960 648
205 264 880 44
205 266 3140 157
205 278 1080 54
205 286 8500 425
206 177 840 42
206 187 5660 283
206 198 6200 310
206 207 420 21
207 25 480 24
207 39 2400 449
207 70 2460 123
207 120 2400 550
207 183 8900 445
207 188 2400 283
207 208 340 17
207 238 2400 488
207 252 1480 74
207 285 2400 312
208 14 2060 103
208 61 3680 184
208 116 740 37
208 131 2400 369
208 189 2400 286
208 214 2740 137
208 220 2400 274
209 2 2400 149
209 11 2400 216
209 38 6400 320
209 96 7320 366
209 102 1300 65
209 276 800 40
209 287 5420 271
209 289 9220 461
210 199 2080 104
210 211 360 18
210 216 2180 109
212 3 2400 161
212 12 2400 250
212 40 9080 454
212 56 9240 462
212 60 760 38
212 76 9180 459
212 90 7600 380
212 142 5120 256
212 172 2400 453
212 186 620 31
212 193 400 20
212 210 3000 150
212 213 460 23
212 221 2400 340
212 231 6640 332
212 237 6800 340
212 246 960 48
213 61 1260 63
213 131 2400 248
213 189 2400 165
213 214 320 16
213 220 2400 153
214 55 2400 166
214 89 1960 98
214 215 900 45
215 199 840 42
215 216 940 47
217 15 2900 145
217 72 4480 224
217 88 2420 121
217 218 1040 52
217 236 2400 146
218 219 920 46
219 131 2280 114
219 189 620 31
219 220 380 19
220 40 2680 134
220 56 2840 142
220 76 2780 139
220 90 1200 60
220 172 2400 133
220 221 400 20
220 237 400 20
222 1 5300 265
222 22 2400 252
222 34 2400 280
222 117 11720 586
222 223 1020 51
222 267 3280 164
222 288 11620 581
223 13 2400 204
223 69 2980 149
223 103 5360 268
223 108 12340 617
223 113 4700 235
223 137 5800 290
223 149 4220 211
223 162 640 32
223 169 6180 309
223 179 9200 460
223 196 5260 263
223 224 980 49
223 235 6860 343
223 242 9160 458
223 244 2400 545
223 286 4700 235
224 67 1400 70
224 141 920 46
224 147 2400 348
224 152 2400 413
224 157 1100 55
224 171 8580 429
224 195 2400 364
224 225 880 44
224 227 2400 233
224 230 2400 400
224 240 3300 165
224 257 2400 196
224 277 2400 141
225 130 2400 129
225 226 400 20
225 234 1080 54
226 147 2400 130
226 152 2400 195
226 171 4220 211
226 195 2400 146
226 227 300 15
226 230 2400 182
227 115 1020 51
228 29 520 26
228 97 2380 119
228 182 1300 65
228 199 5500 275
228 211 2400 189
228 216 2400 280
228 229 480 24
228 247 1680 84
229 152 940 47
229 171 1260 63
229 230 680 34
230 40 2780 139
230 56 2940 147
230 76 2880 144
230 90 1300 65
230 172 2400 138
230 221 500 25
230 231 340 17
230 237 500 25
231 232 740 37
233 130 2000 100
233 234 500 25
234 108 5820 291
234 179 2680 134
234 235 340 17
234 242 2640 132
234 244 2400 219
235 15 360 18
235 72 1940 97
235 236 380 19
236 40 3360 168
236 56 3520 176
236 76 3460 173
236 90 1880 94
236 172 2400 167
236 221 1080 54
236 231 920 46
236 237 1080 54
237 120 1840 92
237 238 600 30
239 147 2400 228
239 152 2400 293
239 171 6180 309
239 195 2400 244
239 227 2260 113
239 230 2400 280
239 240 900 45
239 257 1520 76
239 277 420 21
240 36 480 24
240 95 2180 109
240 107 2400 221
240 109 2400 405
240 135 720 36
240 200 2400 410
240 241 720 36
241 108 4020 201
241 179 880 44
241 242 840 42
241 244 2400 129
242 73 2400 176
242 180 560 28
242 243 360 18
242 291 2400 256
243 108 1740 87
243 244 300 15
244 40 1000 50
244 56 1160 58
244 76 1100 55
244 172 980 49
245 3 2400 171
245 12 2400 260
245 40 9280 464
245 56 9440 472
245 60 960 48
245 76 9380 469
245 90 7800 390
245 142 5320 266
245 172 2400 463
245 181 320 16
245 186 820 41
245 193 600 30
245 210 3200 160
245 213 660 33
245 221 2400 350
245 231 6840 342
245 237 7000 350
245 246 1160 58
246 97 1000 50
246 199 4120 206
246 211 2400 120
246 216 2400 211
246 247 300 15
248 21 1280 64
248 29 9940 497
248 80 2400 301
248 94 8600 430
248 97 2400 590
248 156 3340 167
248 174 500 25
248 182 10720 536
248 211 2400 660
248 229 9900 495
248 247 2400 555
248 249 880 44
249 53 5080 254
249 85 740 37
249 119 11640 582
249 232 2400 606
249 250 720 36
249 296 2400 204
250 17 2400 521
250 30 7980 399
250 59 1100 55
250 71 5300 265
250 75 7240 362
250 114 2400 175
250 118 9220 461
250 127 1140 57
250 150 3760 188
250 163 300 15
250 251 320 16
251 39 2400 428
251 70 2040 102
251 120 2400 529
251 183 8480 424
251 188 2400 262
251 238 2400 467
251 252 1060 53
251 285 2400 291
252 14 920 46
252 61 2540 127
252 131 2400 312
252 189 2400 229
252 214 1600 80
252 220 2400 217
253 51 2400 269
253 54 12840 642
253 104 2400 478
253 178 2400 562
253 254 520 26
254 16 11220 561
254 26 2400 272
254 31 2400 627
254 62 2400 615
254 91 2400 648
254 106 7100 355
254 123 2400 311
254 128 2400 257
254 139 2400 467
254 143 2400 526
254 160 2400 335
254 164 2400 221
254 168 2400 222
254 175 2400 224
254 255 1120 56
255 86 620 31
255 122 760 38
255 197 3100 155
255 219 2400 256
255 256 820 41
256 147 2400 172
256 152 2400 237
256 171 5060 253
256 195 2400 188
256 227 1140 57
256 230 2400 224
256 257 400 20
257 108 5520 276
257 179 2380 119
257 242 2340 117
257 244 2400 204
258 21 2400 177
258 29 12200 610
258 80 2400 414
258 82 860 43
258 94 10860 543
258 97 2400 703
258 156 5600 280
258 174 2760 138
258 182 12980 649
258 229 12160 608
258 247 2400 668
258 249 3140 157
258 259 1000 50
259 53 7220 361
259 65 480 24
259 85 2880 144
259 119 13780 689
259 232 2400 713
259 250 2860 143
259 260 1060 53
259 296 2400 311
260 17 2400 611
260 30 9780 489
260 45 980 49
260 59 2400 145
260 71 7100 355
260 75 9040 452
260 114 2400 265
260 118 11020 551
260 127 2940 147
260 150 5560 278
260 163 2100 105
260 251 2120 106
260 261 1060 53
261 14 3560 178
261 61 5180 259
261 116 2240 112
261 131 2400 444
261 189 2400 361
261 192 660 33
261 214 4240 212
261 220 2400 349
261 228 1300 65
261 245 380 19
262 1 8540 427
262 22 2400 414
262 34 2400 442
262 223 2400 213
262 263 520 26
262 267 6520 326
263 13 2400 391
263 23 2400 187
263 49 2560 128
263 69 6720 336
263 100 2400 200
263 103 9100 455
263 110 2300 115
263 113 8440 422
263 137 9540 477
263 149 7960 398
263 162 4380 219
263 169 9920 496
263 176 3900 195
263 179 12940 647
263 196 9000 450
263 202 2220 111
263 224 4720 236
263 235 10600 530
263 242 12900 645
263 264 820 41
263 266 3080 154
263 278 1020 51
263 286 8440 422
264 20 400 20
264 68 2400 355
264 112 2400 292
264 138 9200 460
264 146 9820 491
264 180 2400 632
264 243 2400 622
264 265 700 35
265 13 2400 261
265 23 1140 57
265 69 4120 206
265 100 1400 70
265 103 6500 325
265 108 13480 674
265 113 5840 292
265 137 6940 347
265 149 5360 268
265 162 1780 89
265 169 7320 366
265 176 1300 65
265 179 10340 517
265 196 6400 320
265 224 2120 106
265 235 8000 400
265 242 10300 515
265 244 2400 602
265 266 480 24
265 286 5840 292
266 1 2420 121
266 22 2160 108
266 34 2400 136
266 117 8840 442
266 267 400 20
266 288 8740 437
267 36 2400 221
267 95 6120 306
267 107 2400 418
267 109 2400 602
267 135 2400 233
267 145 560 28
267 200 2400 607
267 241 2400 233
267 268 300 15
268 103 1400 70
268 108 8380 419
268 113 740 37
268 137 1840 92
268 169 2220 111
268 179 5240 262
268 196 1300 65
268 235 2900 145
268 242 5200 260
268 244 2400 347
268 286 740 37
269 130 2400 519
269 166 900 45
269 191 2400 275
269 226 8200 410
269 234 2400 444
269 270 340 17
269 273 2400 379
269 294 2400 182
270 30 12620 631
270 45 2400 191
270 59 2400 287
270 71 9940 497
270 75 11880 594
270 111 2500 125
270 114 2400 407
270 118 13860 693
270 127 5780 289
270 133 2320 116
270 150 8400 420
270 163 4940 247
270 251 4960 248
270 261 2400 195
270 271 780 39
271 55 2400 635
271 89 2400 567
271 134 1940 97
271 151 8560 428
271 159 1160 58
271 170 8900 445
271 185 3520 176
271 194 7200 360
271 204 2120 106
271 215 10280 514
271 272 460 23
272 130 2400 193
272 226 1680 84
272 234 2360 118
272 273 1060 53
273 108 7120 356
273 137 580 29
273 169 960 48
273 179 3980 199
273 235 1640 82
273 242 3940 197
273 244 2400 284
274 15 10620 531
274 72 12200 610
274 88 10140 507
274 218 8760 438
274 236 2400 532
274 275 740 37
274 281 2400 329
274 283 2400 276
274 293 940 47
275 2 2400 142
275 11 2400 209
275 38 6260 313
275 96 7180 359
275 102 1160 58
275 276 660 33
275 287 5280 264
275 289 9080 454
276 147 2400 230
276 152 2400 295
276 171 6220 311
276 195 2400 246
276 227 2300 115
276 230 2400 282
276 240 940 47
276 257 1560 78
276 277 460 23
277 115 2400 143
277 284 1880 94
278 55 2400 677
278 89 2400 609
278 134 2400 139
278 151 9400 470
278 159 2000 100
278 170 9740 487
278 185 4360 218
278 194 8040 402
278 204 2400 148
278 215 11120 556
278 272 1300 65
278 279 340 17
279 177 1400 70
279 187 6220 311
279 198 6760 338
279 207 980 49
279 280 800 40
280 15 4700 235
280 72 6280 314
280 88 4220 211
280 218 2840 142
280 236 2400 236
280 281 660 33
281 108 5840 292
281 179 2700 135
281 235 360 18
281 242 2660 133
281 244 2400 220
282 15 5560 278
282 72 7140 357
282 88 5080 254
282 218 3700 185
282 236 2400 279
282 281 1520 76
282 283 460 23
283 115 2100 105
283 284 1120 56
284 39 2400 157
284 120 2400 258
284 183 3060 153
284 238 2400 196
284 285 400 20
285 40 3200 160
285 56 3360 168
285 76 3300 165
285 90 1720 86
285 172 2400 159
285 221 920 46
285 231 760 38
285 237 920 46
286 38 2040 102
286 96 2960 148
286 287 1060 53
286 289 4860 243
287 117 980 49
287 288 880 44
288 289 920 46
289 290 640 32
290 291 400 20
292 15 10660 533
292 72 12240 612
292 88 10180 509
292 218 8800 440
292 236 2400 534
292 275 780 39
292 281 2400 331
292 283 2400 278
292 293 980 49
293 130 2400 353
293 191 2180 109
293 226 4880 244
293 234 2400 278
293 273 2400 213
293 294 320 16
294 35 3220 161
294 105 2340 117
294 115 2400 303
294 129 1720 86
294 212 940 47
294 217 1400 70
294 284 5080 254
294 295 900 45
295 53 1600 80
295 119 8160 408
295 232 2400 432
295 296 600 30
296 3 1760 88
296 12 2400 177
296 40 7620 381
296 56 7780 389
296 76 7720 386
296 90 6140 307
296 142 3660 183
296 172 2400 380
296 210 1540 77
296 221 2400 267
296 231 5180 259
296 237 5340 267
297 13 2400 468
297 23 2400 264
297 49 4100 205
297 69 8260 413
297 98 1520 76
297 100 2400 277
297 103 10640 532
297 110 3840 192
297 113 9980 499
297 137 11080 554
297 149 9500 475
297 162 5920 296
297 169 11460 573
297 176 5440 272
297 196 10540 527
297 202 3760 188
297 224 6260 313
297 235 12140 607
297 253 1380 69
297 264 2360 118
297 266 4620 231
297 269 760 38
297 278 2560 128
297 286 9980 499
297 298 300 15
298 16 14160 708
298 26 2400 419
298 106 10040 502
298 123 2400 458
298 128 2400 404
298 139 2400 614
298 143 2400 673
298 160 2400 482
298 164 2400 368
298 168 2400 369
298 175 2400 371
298 255 4060 203
298 299 300 15
299 0 1020 51
299 35 5400 270
299 44 400 20
299 101 1960 98
299 105 4520 226
299 115 2400 412
299 129 3900 195
299 209 1200 60
299 212 2400 156
299 217 3580 179
299 284 7260 363
299 295 3080 154
