// The mini cost:2990460.0 The fixed cost for vehicle:2400000.0
//The idle cost for vehicle:590460.0
vehicle 0 32 0 66 67 68 102 235 287 440 441 442 239 240 278 403 193 194 246 303 154 304 305 357 158 334 417 418 10 73 200 264 265 266 267 1
vehicle 1 39 0 74 75 76 77 78 79 388 29 30 31 32 33 34 69 70 144 145 247 248 59 60 270 271 62 63 246 80 81 96 356 23 98 206 207 208 13 220 221 222 1
vehicle 2 39 0 76 160 161 162 163 29 94 95 32 184 235 143 236 237 238 269 249 250 251 394 385 386 126 127 155 49 50 51 290 346 72 10 73 12 28 201 202 203 204 1
vehicle 3 26 0 175 256 228 180 181 101 340 341 118 119 148 149 150 358 296 359 153 283 398 399 111 112 113 114 115 116 1
vehicle 4 22 0 177 324 325 326 339 376 377 342 343 123 124 125 316 348 318 273 274 214 234 199 11 438 0
vehicle 5 14 0 241 280 151 272 2 3 4 304 349 357 158 334 429 368 0
vehicle 6 29 0 252 253 188 189 190 191 176 225 226 227 373 141 364 365 59 60 270 309 381 166 313 97 23 98 206 215 216 217 14 1
vehicle 7 21 0 327 138 395 282 360 197 198 212 213 164 42 355 426 258 233 428 8 9 275 57 209 1
vehicle 8 13 0 327 404 405 406 3 140 44 45 422 333 434 435 99 1
vehicle 9 31 0 369 178 374 375 183 101 33 34 69 185 294 295 316 196 197 198 310 311 354 351 352 382 96 423 260 261 262 436 437 12 293 0
vehicle 10 19 0 383 280 151 296 40 41 165 130 230 231 156 168 169 205 24 9 275 57 217 0
vehicle 11 29 0 408 336 337 338 339 286 103 104 105 106 133 288 289 306 123 124 125 387 39 16 17 18 19 257 427 52 319 320 321 1
vehicle 12 20 1 0 139 317 396 397 154 304 305 357 158 334 417 418 10 73 200 264 265 266 267 1
vehicle 13 24 1 159 447 448 449 86 87 88 89 90 362 363 298 210 281 400 344 258 233 428 8 9 275 57 209 1
vehicle 14 26 1 170 171 172 173 323 324 325 326 339 376 377 342 343 123 124 125 316 348 318 273 274 214 234 199 11 438 0
vehicle 15 30 1 186 171 187 188 189 190 191 176 225 226 227 373 141 364 365 59 60 270 271 62 63 246 303 154 5 6 285 416 411 36 0
vehicle 16 34 1 223 77 78 79 388 29 30 31 32 33 34 69 70 144 145 247 248 59 60 270 309 381 166 313 97 23 98 206 207 208 13 220 221 222 1
vehicle 17 3 1 263 38 58 1
vehicle 18 8 1 263 291 292 28 201 202 203 204 1
vehicle 19 16 1 302 1 129 130 230 231 156 168 169 205 24 9 275 57 217 14 1
vehicle 20 29 1 322 174 224 192 100 179 180 181 101 340 341 118 119 148 149 150 358 296 359 153 283 398 399 111 112 113 114 115 116 1
vehicle 21 26 1 335 443 444 409 410 391 117 277 307 279 308 61 62 152 153 283 20 21 22 290 346 72 10 73 12 28 1
vehicle 22 14 1 380 311 354 351 352 382 96 356 23 98 206 215 216 217 0
vehicle 23 33 1 407 160 161 162 163 29 94 95 32 184 235 287 440 441 442 239 240 278 403 193 194 246 80 81 96 423 260 261 262 436 437 12 293 0
