//Here is the changeover for driver idOfDriver idOfShift idOfFirst(or idOfSecond)Trip
//Here are the total idle time per driver: 198.8235294117647
//Here are the cost 
The total cost is 1839340
The cost for idle time is 70380
The cost for driver ChangOver is 960
//One feasible solution vehicle (Driver): idVehicle(idDriver)  idOfDepot  indexOfDepotAsStartingPoint  idOfTrip startTime indexOfDepotAsEndingPoint
vehicle 0 1 81 0 410 1 490 2 600 3 675 4 775 5 840 6 900 83
vehicle 1 0 80 7 30 8 105 9 190 10 290 11 390 12 465 13 525 82
vehicle 2 1 81 14 145 15 235 16 320 17 410 18 495 2 600 83
vehicle 3 1 81 19 365 20 430 21 520 3 675 22 765 83
vehicle 4 0 80 23 510 24 620 25 690 26 755 27 870 28 930 29 990 82
vehicle 5 1 81 30 385 23 510 31 590 32 705 33 810 83
vehicle 6 0 80 34 495 35 555 32 705 36 815 37 900 38 960 82
vehicle 7 1 81 39 55 9 190 40 275 17 410 41 480 42 545 83
vehicle 8 0 80 43 630 44 715 45 800 46 880 47 980 48 1065 82
vehicle 9 1 81 49 455 24 620 50 695 51 780 52 840 53 940 83
vehicle 10 0 80 54 460 55 575 44 715 56 795 57 870 82
vehicle 11 0 80 58 475 59 560 43 630 60 705 36 815 61 880 62 940 82
vehicle 12 0 80 63 230 64 310 21 520 65 585 66 675 82
vehicle 13 0 80 67 485 55 575 68 675 33 810 69 875 82
vehicle 14 0 80 70 255 71 370 18 495 72 585 50 695 82
vehicle 15 0 80 73 565 66 675 74 775 57 870 75 940 76 1000 82
vehicle 16 0 80 77 90 78 150 79 210 82
driver 0 1 81 0 410 1 490 2 600 3 675 4 775 5 840 6 900 83
driver 1 0 80 7 30 8 105 9 190 10 290 11 390 12 465 13 525 82
driver 2 1 81 14 145 15 235 16 320 17 410 18 495 2 600 83
driver 3 1 81 19 365 20 430 21 520 3 675 22 765 83
driver 4 0 80 23 510 24 620 25 690 26 755 27 870 28 930 29 990 82
driver 5 1 81 30 385 23 510 31 590 32 705 33 810 83
driver 6 0 80 34 495 35 555 32 705 36 815 37 900 38 960 82
driver 7 1 81 39 55 9 190 40 275 17 410 41 480 42 545 83
driver 8 0 80 43 630 44 715 45 800 46 880 47 980 48 1065 82
driver 9 1 81 49 455 24 620 50 695 51 780 52 840 53 940 83
driver 10 0 80 54 460 55 575 44 715 56 795 57 870 82
driver 11 0 80 58 475 59 560 43 630 60 705 36 815 61 880 62 940 82
driver 12 0 80 63 230 64 310 21 520 65 585 66 675 82
driver 13 0 80 67 485 55 575 68 675 33 810 69 875 82
driver 14 0 80 70 255 71 370 18 495 72 585 50 695 82
driver 15 0 80 73 565 66 675 74 775 57 870 75 940 76 1000 82
driver 16 0 80 77 90 78 150 79 210 82
