// The instance basic information 
nbCities:3; nbDepots:2; size:90 90;nbTrips:150;nbCombinedTrips37;maxFolderTimeSlotAsTimeWindow1;planningHorizon:0-1440;maxDriving:540;maxWorking:720
// The number of cities is 
3
// The number of depots is 
2
// The max number of vehicles is 
34
// The max number of drivers is 
34
// The number of trips is 
150
// The minPlanTime is 
15
// The short Time for driver is 
20
// The short Time for vehicle is 
20
// The maximum driving time is 
540
// The maximum working time is 
720
// The cost of using driver is 
4000
// The cost of using vehicle is 
100000
// The idle time cost for driver per unit is 
1
// The idle time cost for vehicle per unit is 
20
// The cost of driver changeover penalty per change is 
30
// The max percentage of combined trips is  
0.25
//The maxFolderOfTimeSlotAsTimeWindow is 
1
// The maxPlanTime is 
720
//The time slot Unit is 
5
//The scale of distance and duration is 
0.99
//The start time of planning horizon
0
//The ending time of planning horizon
1440

//Here are the cities: idOfCity 	 nameOfCity 	 coordinateX 	 coordinateY 
0 C0 80 25
1 C1 78 86
2 C2 45 57
//Depots:  
// idOfDepot  	 indexOfDepotAsStartingPoint 	 indexOfDepotAsEndingPoint 	 idCityAsDepot
0 150 152 1
1 151 153 2
//Trips: idOfTrip 	 idOfStartCity 	 idEndCity	 earliestDepartureTime 	 latestDepartureTime 	 nbCombinedVehicleInThisTrip 	 duration
0 2 1 405 415 2 45
1 1 0 485 495 1 60
2 0 2 595 605 2 45
3 2 0 670 680 2 45
4 0 2 770 780 1 45
5 2 0 835 845 1 45
6 0 2 895 905 1 45
7 1 0 25 35 1 60
8 0 1 100 110 1 60
9 1 2 185 195 2 45
10 2 0 285 295 1 45
11 0 1 385 395 1 60
12 1 2 460 470 1 45
13 2 1 520 530 1 45
14 2 0 140 150 1 45
15 0 1 230 240 2 60
16 1 0 315 325 1 60
17 0 2 405 415 2 45
18 2 0 490 500 2 45
19 2 0 360 370 1 45
20 0 1 425 435 1 60
21 1 2 515 525 2 45
22 0 2 760 770 2 45
23 1 0 505 515 2 60
24 0 2 615 625 2 45
25 2 1 685 695 1 45
26 1 0 750 760 1 60
27 0 2 865 875 1 45
28 2 0 925 935 1 45
29 0 1 985 995 1 60
30 2 1 380 390 2 45
31 0 1 585 595 1 60
32 1 0 700 710 2 60
33 0 2 805 815 2 45
34 1 2 490 500 1 45
35 2 1 550 560 1 45
36 0 2 810 820 2 45
37 2 0 895 905 1 45
38 0 1 955 965 1 60
39 2 1 50 60 1 45
40 2 0 270 280 1 45
41 2 0 475 485 1 45
42 0 2 540 550 1 45
43 1 2 625 635 2 45
44 2 1 710 720 2 45
45 1 0 795 805 1 60
46 0 1 875 885 1 60
47 1 0 975 985 1 60
48 0 1 1060 1070 1 60
49 2 0 450 460 2 45
50 2 1 690 700 2 45
51 1 2 775 785 1 45
52 2 1 835 845 1 45
53 1 2 935 945 2 45
54 1 0 455 465 2 60
55 0 2 570 580 2 45
56 1 2 790 800 2 45
57 2 1 865 875 2 45
58 1 2 470 480 1 45
59 2 1 555 565 1 45
60 2 0 700 710 2 45
61 2 0 875 885 1 45
62 0 1 935 945 1 60
63 1 0 225 235 1 60
64 0 1 305 315 1 60
65 2 0 580 590 1 45
66 0 1 670 680 2 60
67 1 0 480 490 1 60
68 2 0 670 680 2 45
69 2 1 870 880 1 45
70 1 0 250 260 1 60
71 0 2 365 375 2 45
72 0 2 580 590 2 45
73 1 0 560 570 2 60
74 1 2 770 780 1 45
75 1 2 935 945 1 45
76 2 1 995 1005 1 45
77 2 0 90 100 1 45
78 1 2 320 330 2 45
79 1 0 490 500 1 60
80 0 2 565 575 1 45
81 2 0 320 330 1 45
82 0 1 405 415 1 60
83 0 1 645 655 2 60
84 2 0 210 220 1 45
85 2 0 445 455 2 45
86 2 0 575 585 1 45
87 2 0 850 860 2 45
88 0 2 940 950 1 45
89 2 0 1005 1015 1 45
90 0 2 1065 1075 1 45
91 1 2 520 530 1 45
92 0 2 775 785 2 45
93 0 1 915 925 1 60
94 1 0 395 405 1 60
95 0 1 480 490 1 60
96 1 0 590 600 1 60
97 2 1 860 870 1 45
98 1 2 255 265 1 45
99 0 2 525 535 1 45
100 2 0 605 615 1 45
101 0 1 665 675 1 60
102 2 1 270 280 1 45
103 0 2 535 545 1 45
104 0 2 740 750 2 45
105 1 2 205 215 1 45
106 1 0 450 460 1 60
107 1 0 550 560 1 60
108 2 1 830 840 2 45
109 2 1 1030 1040 1 45
110 1 0 185 195 1 60
111 0 2 265 275 1 45
112 0 2 535 545 1 45
113 2 0 600 610 1 45
114 0 1 660 670 1 60
115 1 0 25 35 1 60
116 0 1 135 145 1 60
117 2 1 385 395 1 45
118 1 2 455 465 1 45
119 2 1 515 525 1 45
120 1 0 470 480 1 60
121 0 1 550 560 1 60
122 1 0 650 660 1 60
123 0 2 745 755 1 45
124 1 2 900 910 1 45
125 2 1 960 970 1 45
126 2 1 185 195 1 45
127 1 2 270 280 1 45
128 2 0 345 355 1 45
129 0 1 405 415 1 60
130 1 0 500 510 1 60
131 0 2 590 600 1 45
132 1 0 560 570 1 60
133 0 1 670 680 1 60
134 1 0 760 770 1 60
135 0 1 880 890 1 60
136 1 0 955 965 1 60
137 0 1 1035 1045 1 60
138 2 0 175 185 1 45
139 0 1 245 255 1 60
140 1 2 335 345 1 45
141 2 1 400 410 1 45
142 1 0 480 490 1 60
143 0 2 565 575 1 45
144 1 2 100 110 1 45
145 2 0 175 185 1 45
146 0 2 265 275 1 45
147 2 1 330 340 1 45
148 2 1 40 50 1 45
149 1 2 105 115 1 45
//Vehicles: idOfVehicle idOfStartingDepot nbTrips
0 -1 150
1 -1 150
2 -1 150
3 -1 150
4 -1 150
5 -1 150
6 -1 150
7 -1 150
8 -1 150
9 -1 150
10 -1 150
11 -1 150
12 -1 150
13 -1 150
14 -1 150
15 -1 150
16 -1 150
17 -1 150
18 -1 150
19 -1 150
20 -1 150
21 -1 150
22 -1 150
23 -1 150
24 -1 150
25 -1 150
26 -1 150
27 -1 150
28 -1 150
29 -1 150
30 -1 150
31 -1 150
32 -1 150
33 -1 150
//Drivers :idOfDriver idOfStartingDepot idOfEndingDepot nbTrips
0 -1 150
1 -1 150
2 -1 150
3 -1 150
4 -1 150
5 -1 150
6 -1 150
7 -1 150
8 -1 150
9 -1 150
10 -1 150
11 -1 150
12 -1 150
13 -1 150
14 -1 150
15 -1 150
16 -1 150
17 -1 150
18 -1 150
19 -1 150
20 -1 150
21 -1 150
22 -1 150
23 -1 150
24 -1 150
25 -1 150
26 -1 150
27 -1 150
28 -1 150
29 -1 150
30 -1 150
31 -1 150
32 -1 150
33 -1 150
